1.01384 3105 2059 1954 510 536 553 
1.06391 3105 2059 1954 510 536 553 
1.11398 3104 2055 1954 510 536 553 
1.16392 3104 2055 1954 510 536 553 
1.21399 3104 2054 1954 510 536 550 
1.26393 3104 2054 1954 510 536 550 
1.314 3104 2055 1953 510 536 544 
1.36394 3104 2055 1953 510 536 544 
1.414 3103 2055 1936 510 536 539 
1.46394 3103 2055 1936 510 536 539 
1.51401 3103 2055 1900 510 538 539 
1.56395 3103 2055 1900 510 538 539 
1.61402 3103 2053 1866 510 538 543 
1.66396 3103 2053 1866 510 538 543 
1.7139 3103 2048 1829 510 538 542 
1.76397 3103 2048 1829 510 538 542 
1.81391 3103 2046 1784 510 538 534 
1.86397 3103 2046 1784 510 538 534 
1.91391 3103 2041 1736 510 538 516 
1.96398 3103 2041 1736 510 538 516 
2.01392 3103 2036 1689 509 539 485 
2.06399 3103 2036 1689 509 539 485 
2.11393 3102 2030 1640 509 541 460 
2.164 3102 2030 1640 509 541 460 
2.21394 3102 2025 1586 509 542 440 
2.26401 3102 2025 1586 509 542 440 
2.31395 3102 2019 1531 508 549 439 
2.36401 3102 2019 1531 508 549 439 
2.41395 3102 2014 1467 508 553 447 
2.46402 3102 2014 1467 508 553 447 
2.51396 3102 2008 1392 506 554 457 
2.56403 3102 2008 1392 506 554 457 
2.61397 3103 2002 1316 501 554 466 
2.66404 3103 2002 1316 501 554 466 
2.71398 3102 1995 1247 497 554 466 
2.76405 3102 1995 1247 497 554 466 
2.81398 3102 1992 1179 494 554 466 
2.86392 3102 1992 1179 494 554 466 
2.91399 3102 1991 1113 492 554 466 
2.96393 3102 1991 1113 492 554 466 
3.014 3102 1990 1055 492 554 467 
3.06394 3102 1990 1055 492 554 467 
3.11401 3102 1989 1001 492 553 471 
3.16395 3102 1989 1001 492 553 471 
3.21402 3102 1987 946 492 552 474 
3.26395 3102 1987 946 492 552 474 
3.31402 3102 1985 895 492 548 483 
3.36396 3102 1985 895 492 548 483 
3.41403 3102 1984 850 492 538 494 
3.46397 3102 1984 850 492 538 494 
3.51391 3103 1985 814 492 520 516 
3.56398 3103 1985 814 492 520 516 
3.61392 3103 1990 791 492 493 532 
3.66399 3103 1990 791 492 493 532 
3.71393 3103 1990 776 492 463 538 
3.76399 3103 1990 776 492 463 538 
3.81393 3103 1992 768 492 435 538 
3.864 3103 1992 768 492 435 538 
3.91394 3103 1999 755 492 414 535 
3.96401 3103 1999 755 492 414 535 
4.01395 3102 2012 753 493 390 523 
4.06402 3102 2012 753 493 390 523 
4.11396 3102 2034 753 498 367 511 
4.16403 3102 2034 753 498 367 511 
4.21396 3103 2053 753 504 350 502 
4.2639 3103 2053 753 504 350 502 
4.31397 3102 2069 754 510 339 495 
4.36391 3102 2069 754 510 339 495 
4.41398 3103 2084 754 517 330 487 
4.46392 3103 2084 754 517 330 487 
4.51399 3103 2106 756 521 331 476 
4.56393 3103 2106 756 521 331 476 
4.614 3104 2127 759 522 331 467 
4.66394 3104 2127 759 522 331 467 
4.714 3103 2127 757 517 331 465 
4.76394 3103 2127 757 517 331 465 
4.81401 3103 2117 753 497 337 465 
4.86395 3103 2117 753 497 337 465 
4.91402 3103 2108 753 474 344 470 
4.96396 3103 2108 753 474 344 470 
5.01403 3103 2104 759 443 353 477 
5.06397 3103 2104 759 443 353 477 
5.1139 3103 2101 768 406 359 490 
5.16397 3103 2101 768 406 359 490 
5.21391 3103 2101 784 370 365 503 
5.26398 3103 2101 784 370 365 503 
5.31392 3104 2103 797 342 368 512 
5.36399 3104 2103 797 342 368 512 
5.41393 3103 2103 805 327 370 519 
5.464 3103 2103 805 327 370 519 
5.51394 3103 2100 802 325 370 535 
5.56401 3103 2100 802 325 370 535 
5.61395 3103 2099 794 336 367 551 
5.66401 3103 2099 794 336 367 551 
5.71395 3103 2098 789 361 367 561 
5.76402 3103 2098 789 361 367 561 
5.81396 3103 2096 791 394 367 560 
5.86403 3103 2096 791 394 367 560 
5.91397 3103 2095 797 433 367 550 
5.96391 3103 2095 797 433 367 550 
6.01398 3103 2094 800 475 367 535 
6.06391 3103 2094 800 475 367 535 
6.11398 3104 2094 804 513 367 519 
6.16392 3104 2094 804 513 367 519 
6.21399 3103 2094 813 545 367 507 
6.26393 3103 2094 813 545 367 507 
6.314 3103 2096 828 573 367 499 
6.36394 3103 2096 828 573 367 499 
6.41401 3103 2095 847 601 367 495 
6.46395 3103 2095 847 601 367 495 
6.51402 3103 2095 873 625 368 494 
6.56395 3103 2095 873 625 368 494 
6.61402 3103 2096 904 645 370 495 
6.66396 3103 2096 904 645 370 495 
6.7139 3104 2100 928 657 372 497 
6.76397 3104 2100 928 657 372 497 
6.81391 3103 2105 931 661 376 503 
6.86398 3103 2105 931 661 376 503 
6.91392 3103 2108 920 660 383 511 
6.96399 3103 2108 920 660 383 511 
7.01393 3103 2109 901 650 384 521 
7.06399 3103 2109 901 650 384 521 
7.11393 3103 2111 879 636 384 532 
7.16387 3103 2111 879 636 384 532 
7.21394 3103 2111 856 619 384 541 
7.26401 3103 2111 856 619 384 541 
7.31395 3103 2110 835 596 384 545 
7.36402 3103 2110 835 596 384 545 
7.41396 3103 2107 820 562 384 547 
7.46403 3103 2107 820 562 384 547 
7.51396 3103 2110 815 521 384 548 
7.5639 3103 2110 815 521 384 548 
7.61397 3103 2111 814 479 384 550 
7.66391 3103 2111 814 479 384 550 
7.71398 3103 2111 816 443 384 555 
7.76392 3103 2111 816 443 384 555 
7.81399 3103 2111 822 409 384 561 
7.86393 3103 2111 822 409 384 561 
7.914 3103 2111 822 381 385 568 
7.96393 3103 2111 822 381 385 568 
8.014 3104 2111 822 355 387 573 
8.06394 3104 2111 822 355 387 573 
8.11401 3104 2110 822 334 393 575 
8.16395 3104 2110 822 334 393 575 
8.21402 3105 2108 822 315 405 576 
8.26396 3105 2108 822 315 405 576 
8.31403 3104 2107 820 300 421 576 
8.36397 3104 2107 820 300 421 576 
8.41404 3104 2106 814 292 438 574 
8.46397 3104 2106 814 292 438 574 
8.51391 3104 2104 807 292 448 571 
8.56398 3104 2104 807 292 448 571 
8.61392 3104 2105 800 299 448 566 
8.66399 3104 2105 800 299 448 566 
8.71393 3103 2105 784 315 446 560 
8.764 3103 2105 784 315 446 560 
8.81394 3103 2104 767 340 445 552 
8.86401 3103 2104 767 340 445 552 
8.91394 3104 2103 757 370 444 546 
8.96401 3104 2103 757 370 444 546 
9.01395 3103 2102 757 406 442 544 
9.06402 3103 2102 757 406 442 544 
9.11396 3103 2102 760 444 438 541 
9.16403 3103 2102 760 444 438 541 
9.21397 3104 2102 764 480 437 535 
9.26391 3104 2102 764 480 437 535 
9.31398 3103 2103 768 513 437 526 
9.36391 3103 2103 768 513 437 526 
9.41398 3103 2104 771 544 437 518 
9.46392 3103 2104 771 544 437 518 
9.51399 3104 2105 776 576 437 514 
9.56393 3104 2105 776 576 437 514 
9.614 3104 2105 784 605 437 512 
9.66394 3104 2105 784 605 437 512 
9.71401 3104 2106 792 632 437 512 
9.76395 3104 2106 792 632 437 512 
9.81402 3103 2107 794 648 437 512 
9.86395 3103 2107 794 648 437 512 
9.91402 3104 2108 789 651 432 512 
9.96396 3104 2108 789 651 432 512 
10.014 3103 2111 789 644 419 512 
10.064 3103 2111 789 644 419 512 
10.1139 3104 2111 787 619 402 513 
10.164 3104 2111 787 619 402 513 
10.2139 3104 2111 788 586 375 513 
10.264 3104 2111 788 586 375 513 
10.3139 3103 2111 791 549 347 513 
10.364 3103 2111 791 549 347 513 
10.4139 3104 2110 787 515 329 513 
10.464 3104 2110 787 515 329 513 
10.5139 3106 2105 784 491 338 513 
10.564 3106 2105 784 491 338 513 
10.6139 3106 2103 791 474 344 513 
10.664 3106 2103 791 474 344 513 
10.714 3106 2103 799 458 349 513 
10.764 3106 2103 799 458 349 513 
10.814 3106 2102 811 442 353 513 
10.8639 3106 2102 811 442 353 513 
10.914 3106 2102 822 431 355 513 
10.9639 3106 2102 822 431 355 513 
11.014 3107 2102 823 429 356 513 
11.0639 3107 2102 823 429 356 513 
11.114 3106 2102 823 429 356 513 
11.1639 3106 2102 823 429 356 513 
11.214 3104 2102 824 429 356 513 
11.2639 3104 2102 824 429 356 513 
11.314 3104 2103 831 429 356 513 
11.3639 3104 2103 831 429 356 513 
11.414 3104 2104 847 429 356 511 
11.464 3104 2104 847 429 356 511 
11.514 3104 2107 872 429 356 508 
11.564 3104 2107 872 429 356 508 
11.614 3104 2112 906 429 356 507 
11.664 3104 2112 906 429 356 507 
11.7139 3104 2116 952 431 356 507 
11.764 3104 2116 952 431 356 507 
11.8139 3104 2117 1020 432 357 507 
11.864 3104 2117 1020 432 357 507 
11.9139 3103 2117 1092 432 363 507 
11.964 3103 2117 1092 432 363 507 
12.0139 3103 2116 1154 433 373 507 
12.064 3103 2116 1154 433 373 507 
12.1139 3103 2112 1208 433 387 506 
12.164 3103 2112 1208 433 387 506 
12.2139 3103 2110 1254 433 407 500 
12.264 3103 2110 1254 433 407 500 
12.314 3103 2103 1282 433 435 492 
12.364 3103 2103 1282 433 435 492 
12.414 3103 2088 1295 433 469 485 
12.464 3103 2088 1295 433 469 485 
12.514 3103 2069 1301 430 509 481 
12.5639 3103 2069 1301 430 509 481 
12.614 3103 2047 1301 421 549 480 
12.6639 3103 2047 1301 421 549 480 
12.714 3103 2027 1301 406 574 478 
12.7639 3103 2027 1301 406 574 478 
12.814 3103 2009 1301 385 590 477 
12.8639 3103 2009 1301 385 590 477 
12.914 3103 1997 1294 350 602 477 
12.9639 3103 1997 1294 350 602 477 
13.014 3103 1993 1278 299 608 477 
13.0639 3103 1993 1278 299 608 477 
13.114 3103 1994 1245 236 607 476 
13.164 3103 1994 1245 236 607 476 
13.214 3103 1991 1199 177 602 475 
13.264 3103 1991 1199 177 602 475 
13.3139 3103 1985 1155 135 587 471 
13.364 3103 1985 1155 135 587 471 
13.4139 3103 1979 1120 115 564 465 
13.464 3103 1979 1120 115 564 465 
13.5139 3103 1973 1085 111 533 454 
13.564 3103 1973 1085 111 533 454 
13.6141 3103 1968 1050 109 495 442 
13.664 3103 1968 1050 109 495 442 
13.7139 3103 1967 1015 103 459 434 
13.764 3103 1967 1015 103 459 434 
13.8139 3103 1964 966 99 465 423 
13.864 3103 1964 966 99 465 423 
13.9139 3103 1962 932 90 467 417 
13.964 3103 1962 932 90 467 417 
14.014 3103 1957 904 86 469 417 
14.064 3103 1957 904 86 469 417 
14.114 3104 1956 876 79 470 417 
14.1639 3104 1956 876 79 470 417 
14.214 3104 1954 845 76 470 417 
14.2639 3104 1954 845 76 470 417 
14.314 3103 1950 820 76 470 418 
14.3639 3103 1950 820 76 470 418 
14.414 3103 1947 798 76 470 418 
14.4639 3103 1947 798 76 470 418 
14.514 3104 1947 782 76 470 419 
14.5639 3104 1947 782 76 470 419 
14.614 3104 1947 780 76 470 419 
14.6639 3104 1947 780 76 470 419 
14.714 3104 1947 779 76 470 419 
14.764 3104 1947 779 76 470 419 
14.814 3107 1947 779 76 470 419 
14.864 3107 1947 779 76 470 419 
14.914 3110 1947 779 76 470 419 
14.964 3110 1947 779 76 470 419 
15.0139 3111 1947 778 76 470 419 
15.064 3111 1947 778 76 470 419 
15.1139 3112 1948 778 76 470 419 
15.164 3112 1948 778 76 470 419 
15.2139 3111 1949 778 76 470 419 
15.264 3111 1949 778 76 470 419 
15.3139 3109 1950 778 76 470 419 
15.364 3109 1950 778 76 470 419 
15.4139 3108 1950 778 76 470 419 
15.464 3108 1950 778 76 470 419 
15.5139 3107 1951 779 76 470 419 
15.564 3107 1951 779 76 470 419 
15.614 3109 1951 781 76 470 419 
15.664 3109 1951 781 76 470 419 
15.714 3112 1951 783 76 470 419 
15.7639 3112 1951 783 76 470 419 
15.814 3112 1952 786 76 470 420 
15.864 3112 1952 786 76 470 420 
15.914 3113 1952 789 76 470 427 
15.9639 3113 1952 789 76 470 427 
16.014 3113 1951 795 76 470 436 
16.0639 3113 1951 795 76 470 436 
16.114 3113 1953 805 76 470 447 
16.1639 3113 1953 805 76 470 447 
16.214 3113 1957 820 76 470 452 
16.2639 3113 1957 820 76 470 452 
16.314 3113 1963 837 76 470 457 
16.3639 3113 1963 837 76 470 457 
16.414 3113 1968 858 76 471 462 
16.464 3113 1968 858 76 471 462 
16.514 3113 1975 882 76 473 468 
16.564 3113 1975 882 76 473 468 
16.614 3113 1984 911 76 478 474 
16.664 3113 1984 911 76 478 474 
16.7139 3113 1992 947 76 489 478 
16.764 3113 1992 947 76 489 478 
16.814 3108 1999 988 76 505 483 
16.864 3108 1999 988 76 505 483 
16.9139 3105 2009 1025 76 521 487 
16.964 3105 2009 1025 76 521 487 
17.0139 3104 2017 1059 76 539 493 
17.064 3104 2017 1059 76 539 493 
17.1139 3103 2026 1094 78 553 500 
17.164 3103 2026 1094 78 553 500 
17.2139 3104 2034 1125 86 567 507 
17.264 3104 2034 1125 86 567 507 
17.314 3104 2040 1154 100 578 508 
17.364 3104 2040 1154 100 578 508 
17.414 3103 2042 1183 123 585 508 
17.4639 3103 2042 1183 123 585 508 
17.514 3103 2041 1205 153 586 509 
17.564 3103 2041 1205 153 586 509 
17.614 3103 2036 1220 189 586 513 
17.6639 3103 2036 1220 189 586 513 
17.714 3103 2031 1231 224 586 520 
17.7639 3103 2031 1231 224 586 520 
17.814 3103 2023 1236 258 586 532 
17.8639 3103 2023 1236 258 586 532 
17.914 3103 2018 1235 290 585 542 
17.9639 3103 2018 1235 290 585 542 
18.014 3103 2013 1228 314 584 545 
18.0639 3103 2013 1228 314 584 545 
18.114 3103 2011 1218 335 582 546 
18.164 3103 2011 1218 335 582 546 
18.214 3103 2011 1196 352 581 547 
18.264 3103 2011 1196 352 581 547 
18.3139 3102 2011 1167 366 575 553 
18.364 3102 2011 1167 366 575 553 
18.4139 3102 2011 1134 376 571 561 
18.464 3102 2011 1134 376 571 561 
18.5139 3102 2011 1103 382 570 569 
18.564 3102 2011 1103 382 570 569 
18.6139 3102 2013 1089 382 570 572 
18.664 3102 2013 1089 382 570 572 
18.7139 3102 2017 1100 382 574 573 
18.764 3102 2017 1100 382 574 573 
18.8139 3102 2024 1128 382 581 573 
18.864 3102 2024 1128 382 581 573 
18.914 3103 2035 1164 383 586 572 
18.964 3103 2035 1164 383 586 572 
19.014 3102 2046 1190 387 587 567 
19.064 3102 2046 1190 387 587 567 
19.114 3102 2052 1197 396 587 555 
19.1639 3102 2052 1197 396 587 555 
19.214 3103 2054 1190 408 585 543 
19.2639 3103 2054 1190 408 585 543 
19.314 3102 2055 1178 428 577 535 
19.3639 3102 2055 1178 428 577 535 
19.414 3102 2055 1162 447 564 526 
19.4639 3102 2055 1162 447 564 526 
19.514 3102 2054 1147 461 549 518 
19.5639 3102 2054 1147 461 549 518 
19.614 3102 2054 1137 471 530 511 
19.6639 3102 2054 1137 471 530 511 
19.714 3102 2054 1132 476 508 507 
19.764 3102 2054 1132 476 508 507 
19.814 3102 2054 1138 476 491 502 
19.864 3102 2054 1138 476 491 502 
19.914 3102 2052 1150 476 490 495 
19.964 3102 2052 1150 476 490 495 
20.0139 3102 2053 1175 476 495 490 
20.064 3102 2053 1175 476 495 490 
20.1139 3103 2057 1202 477 501 490 
20.164 3103 2057 1202 477 501 490 
20.2139 3102 2065 1225 477 508 490 
20.264 3102 2065 1225 477 508 490 
20.3139 3102 2071 1245 477 511 491 
20.364 3102 2071 1245 477 511 491 
20.4139 3102 2076 1260 477 517 494 
20.464 3102 2076 1260 477 517 494 
20.5139 3102 2080 1265 477 518 502 
20.564 3102 2080 1265 477 518 502 
20.6141 3103 2083 1264 477 518 509 
20.664 3103 2083 1264 477 518 509 
20.714 3103 2086 1260 477 518 513 
20.764 3103 2086 1260 477 518 513 
20.814 3102 2089 1258 477 518 515 
20.8639 3102 2089 1258 477 518 515 
20.914 3103 2095 1256 477 518 515 
20.9639 3103 2095 1256 477 518 515 
21.014 3102 2102 1252 477 518 515 
21.0639 3102 2102 1252 477 518 515 
21.114 3102 2105 1246 477 518 515 
21.1639 3102 2105 1246 477 518 515 
21.214 3102 2109 1236 477 518 515 
21.2639 3102 2109 1236 477 518 515 
21.314 3102 2112 1213 477 515 515 
21.3639 3102 2112 1213 477 515 515 
21.414 3102 2116 1181 477 515 515 
21.464 3102 2116 1181 477 515 515 
21.514 3102 2118 1148 477 515 514 
21.564 3102 2118 1148 477 515 514 
21.6139 3102 2124 1113 477 515 514 
21.664 3102 2124 1113 477 515 514 
21.7139 3102 2128 1079 468 514 511 
21.764 3102 2128 1079 468 514 511 
21.8139 3103 2131 1049 447 510 507 
21.864 3103 2131 1049 447 510 507 
21.9139 3102 2130 1031 413 505 502 
21.964 3102 2130 1031 413 505 502 
22.0139 3102 2131 1025 376 499 498 
22.064 3102 2131 1025 376 499 498 
22.1139 3103 2131 1027 345 498 494 
22.164 3103 2131 1027 345 498 494 
22.214 3103 2131 1029 321 498 488 
22.264 3103 2131 1029 321 498 488 
22.314 3103 2130 1026 299 498 481 
22.364 3103 2130 1026 299 498 481 
22.414 3103 2126 1026 280 498 473 
22.464 3103 2126 1026 280 498 473 
22.514 3103 2124 1026 264 498 467 
22.5639 3103 2124 1026 264 498 467 
22.614 3103 2119 1026 251 498 465 
22.6641 3103 2119 1026 251 498 465 
22.714 3103 2116 1026 241 499 465 
22.7639 3103 2116 1026 241 499 465 
22.814 3103 2111 1027 232 500 465 
22.8639 3103 2111 1027 232 500 465 
22.914 3103 2105 1030 224 500 465 
22.9639 3103 2105 1030 224 500 465 
23.014 3103 2099 1032 218 501 465 
23.064 3103 2099 1032 218 501 465 
23.114 3104 2093 1035 214 504 466 
23.164 3104 2093 1035 214 504 466 
23.214 3104 2088 1042 207 509 467 
23.264 3104 2088 1042 207 509 467 
23.314 3107 2085 1049 203 515 467 
23.364 3107 2085 1049 203 515 467 
23.4139 3108 2085 1055 199 518 468 
23.464 3108 2085 1055 199 518 468 
23.5139 3107 2084 1061 198 518 468 
23.564 3107 2084 1061 198 518 468 
23.6139 3107 2083 1067 195 518 468 
23.664 3107 2083 1067 195 518 468 
23.7139 3108 2083 1077 190 521 468 
23.764 3108 2083 1077 190 521 468 
23.8139 3108 2087 1091 185 525 468 
23.864 3108 2087 1091 185 525 468 
23.914 3107 2089 1106 182 536 468 
23.964 3107 2089 1106 182 536 468 
24.014 3107 2090 1123 179 554 468 
24.064 3107 2090 1123 179 554 468 
24.114 3104 2091 1138 179 574 468 
24.164 3104 2091 1138 179 574 468 
24.214 3103 2091 1143 180 586 468 
24.2639 3103 2091 1143 180 586 468 
24.314 3103 2088 1143 188 598 468 
24.3639 3103 2088 1143 188 598 468 
24.414 3103 2084 1147 203 607 468 
24.4639 3103 2084 1147 203 607 468 
24.514 3103 2081 1162 226 611 468 
24.5639 3103 2081 1162 226 611 468 
24.614 3103 2079 1173 256 608 471 
24.6639 3103 2079 1173 256 608 471 
24.714 3103 2074 1177 290 606 475 
24.764 3103 2074 1177 290 606 475 
24.814 3103 2069 1170 316 599 478 
24.864 3103 2069 1170 316 599 478 
24.9139 3103 2067 1158 331 583 478 
24.964 3103 2067 1158 331 583 478 
25.0139 3103 2067 1134 339 566 473 
25.064 3103 2067 1134 339 566 473 
25.114 3103 2068 1100 341 557 460 
25.164 3103 2068 1100 341 557 460 
25.2139 3103 2068 1059 341 555 445 
25.264 3103 2068 1059 341 555 445 
25.3139 3103 2069 1018 342 555 440 
25.364 3103 2069 1018 342 555 440 
25.4139 3103 2071 977 344 555 440 
25.464 3103 2071 977 344 555 440 
25.514 3103 2072 943 352 554 441 
25.564 3103 2072 943 352 554 441 
25.614 3103 2072 911 361 552 448 
25.664 3103 2072 911 361 552 448 
25.714 3103 2072 884 370 548 455 
25.7639 3103 2072 884 370 548 455 
25.814 3103 2074 858 381 545 462 
25.8639 3103 2074 858 381 545 462 
25.914 3103 2075 837 389 544 467 
25.9639 3103 2075 837 389 544 467 
26.014 3103 2078 821 393 542 470 
26.0639 3103 2078 821 393 542 470 
26.114 3103 2081 804 398 538 471 
26.1639 3103 2081 804 398 538 471 
26.214 3103 2085 787 401 532 475 
26.2639 3103 2085 787 401 532 475 
26.314 3103 2090 771 402 525 483 
26.364 3103 2090 771 402 525 483 
26.414 3103 2094 758 402 522 490 
26.464 3103 2094 758 402 522 490 
26.514 3103 2100 753 402 511 494 
26.564 3103 2100 753 402 511 494 
26.6139 3103 2109 753 402 500 503 
26.664 3103 2109 753 402 500 503 
26.7139 3103 2114 753 402 490 512 
26.764 3103 2114 753 402 490 512 
26.8139 3103 2118 753 402 481 518 
26.864 3103 2118 753 402 481 518 
26.9139 3103 2126 753 401 476 524 
26.964 3103 2126 753 401 476 524 
27.0139 3103 2139 753 401 471 533 
27.064 3103 2139 753 401 471 533 
27.1139 3103 2152 753 401 466 538 
27.164 3103 2152 753 401 466 538 
27.214 3103 2164 753 401 462 541 
27.264 3103 2164 753 401 462 541 
27.314 3103 2177 753 401 458 541 
27.364 3103 2177 753 401 458 541 
27.414 3103 2196 753 402 453 540 
27.464 3103 2196 753 402 453 540 
27.514 3103 2212 753 402 449 539 
27.5639 3103 2212 753 402 449 539 
27.614 3103 2228 753 406 444 539 
27.6639 3103 2228 753 406 444 539 
27.714 3103 2240 753 411 438 539 
27.7639 3103 2240 753 411 438 539 
27.814 3103 2246 753 421 435 537 
27.8639 3103 2246 753 421 435 537 
27.914 3103 2248 753 434 434 534 
27.9639 3103 2248 753 434 434 534 
28.014 3103 2248 756 448 434 528 
28.064 3103 2248 756 448 434 528 
28.114 3103 2247 763 458 435 522 
28.164 3103 2247 763 458 435 522 
28.2139 3104 2247 781 464 436 517 
28.264 3104 2247 781 464 436 517 
28.3139 3104 2242 813 466 436 512 
28.364 3104 2242 813 466 436 512 
28.4139 3104 2241 856 466 436 507 
28.464 3104 2241 856 466 436 507 
28.5139 3104 2239 902 464 437 502 
28.564 3104 2239 902 464 437 502 
28.6139 3104 2235 952 461 438 491 
28.664 3104 2235 952 461 438 491 
28.7139 3104 2231 996 458 438 481 
28.764 3104 2231 996 458 438 481 
28.814 3103 2228 1025 455 442 474 
28.864 3103 2228 1025 455 442 474 
28.914 3103 2223 1031 453 456 467 
28.964 3103 2223 1031 453 456 467 
29.014 3103 2216 1024 452 486 458 
29.0639 3103 2216 1024 452 486 458 
29.114 3102 2211 1009 452 520 451 
29.1639 3102 2211 1009 452 520 451 
29.214 3102 2205 1013 452 552 447 
29.2639 3102 2205 1013 452 552 447 
29.314 3102 2202 1026 452 581 447 
29.3639 3102 2202 1026 452 581 447 
29.414 3103 2198 1043 452 598 447 
29.4639 3103 2198 1043 452 598 447 
29.514 3103 2197 1055 452 602 447 
29.5639 3103 2197 1055 452 602 447 
29.614 3102 2197 1063 452 602 447 
29.664 3102 2197 1063 452 602 447 
29.714 3102 2198 1071 452 602 448 
29.764 3102 2198 1071 452 602 448 
29.814 3103 2199 1073 452 602 452 
29.864 3103 2199 1073 452 602 452 
29.914 3102 2199 1065 452 601 460 
29.964 3102 2199 1065 452 601 460 
30.0139 3102 2198 1055 452 601 466 
30.064 3102 2198 1055 452 601 466 
30.1139 3103 2198 1047 452 599 469 
30.164 3103 2198 1047 452 599 469 
30.2139 3102 2198 1041 452 597 470 
30.264 3102 2198 1041 452 597 470 
30.3139 3103 2197 1031 452 595 471 
30.364 3103 2197 1031 452 595 471 
30.4139 3102 2192 1022 452 591 474 
30.464 3102 2192 1022 452 591 474 
30.514 3102 2185 1014 452 586 477 
30.564 3102 2185 1014 452 586 477 
30.614 3103 2183 1006 451 582 481 
30.6639 3103 2183 1006 451 582 481 
30.714 3103 2182 999 451 577 484 
30.7639 3103 2182 999 451 577 484 
30.814 3103 2182 995 450 573 487 
30.8639 3103 2182 995 450 573 487 
30.914 3103 2182 1000 436 563 490 
30.9639 3103 2182 1000 436 563 490 
31.014 3103 2184 1005 408 557 491 
31.0639 3103 2184 1005 408 557 491 
31.114 3103 2186 1010 382 557 493 
31.1639 3103 2186 1010 382 557 493 
31.214 3105 2184 1028 366 560 496 
31.2639 3105 2184 1028 366 560 496 
31.314 3110 2182 1067 356 561 503 
31.364 3110 2182 1067 356 561 503 
31.414 3110 2182 1119 351 561 507 
31.464 3110 2182 1119 351 561 507 
31.5139 3109 2182 1165 350 561 508 
31.564 3109 2182 1165 350 561 508 
31.6139 3104 2179 1189 350 561 508 
31.664 3104 2179 1189 350 561 508 
31.7139 3103 2170 1179 350 561 510 
31.764 3103 2170 1179 350 561 510 
31.8139 3103 2161 1147 354 561 511 
31.864 3103 2161 1147 354 561 511 
31.9139 3103 2148 1105 360 561 508 
31.964 3103 2148 1105 360 561 508 
32.0139 3103 2132 1060 368 561 502 
32.064 3103 2132 1060 368 561 502 
32.1139 3103 2119 1016 376 561 493 
32.164 3103 2119 1016 376 561 493 
32.214 3103 2112 976 385 561 481 
32.264 3103 2112 976 385 561 481 
32.314 3102 2112 943 396 561 474 
32.364 3102 2112 943 396 561 474 
32.414 3102 2115 920 409 561 466 
32.4639 3102 2115 920 409 561 466 
32.514 3102 2116 904 428 561 457 
32.5639 3102 2116 904 428 561 457 
32.614 3102 2117 898 448 561 449 
32.6639 3102 2117 898 448 561 449 
32.714 3102 2123 897 466 561 448 
32.7639 3102 2123 897 466 561 448 
32.814 3102 2133 897 480 561 448 
32.8639 3102 2133 897 480 561 448 
32.914 3102 2144 899 491 561 448 
32.964 3102 2144 899 491 561 448 
33.014 3102 2152 907 498 561 448 
33.064 3102 2152 907 498 561 448 
33.114 3102 2158 920 501 559 448 
33.164 3102 2158 920 501 559 448 
33.2139 3102 2164 931 502 557 449 
33.264 3102 2164 931 502 557 449 
33.3139 3103 2170 942 502 554 454 
33.364 3103 2170 942 502 554 454 
33.4139 3103 2177 951 502 548 466 
33.464 3103 2177 951 502 548 466 
33.5139 3102 2181 956 502 542 475 
33.564 3102 2181 956 502 542 475 
33.6139 3102 2184 958 502 541 483 
33.664 3102 2184 958 502 541 483 
33.7139 3102 2186 960 502 541 488 
33.764 3102 2186 960 502 541 488 
33.814 3103 2187 961 502 541 494 
33.864 3103 2187 961 502 541 494 
33.914 3103 2191 961 502 541 498 
33.9639 3103 2191 961 502 541 498 
34.014 3103 2194 961 502 541 504 
34.0639 3103 2194 961 502 541 504 
34.114 3102 2197 961 502 541 508 
34.1639 3102 2197 961 502 541 508 
34.214 3103 2200 959 502 541 512 
34.2639 3103 2200 959 502 541 512 
34.314 3103 2204 956 502 541 516 
34.3639 3103 2204 956 502 541 516 
34.414 3103 2207 953 502 541 518 
34.4639 3103 2207 953 502 541 518 
34.514 3103 2208 951 500 541 521 
34.5639 3103 2208 951 500 541 521 
34.614 3103 2208 951 496 541 524 
34.664 3103 2208 951 496 541 524 
34.714 3103 2208 957 485 541 525 
34.764 3103 2208 957 485 541 525 
34.814 3103 2206 970 467 541 525 
34.864 3103 2206 970 467 541 525 
34.9139 3103 2206 990 450 541 524 
34.964 3103 2206 990 450 541 524 
35.0139 3103 2206 1015 442 541 519 
35.064 3103 2206 1015 442 541 519 
35.1139 3102 2204 1049 433 541 509 
35.164 3102 2204 1049 433 541 509 
35.2139 3103 2205 1083 428 541 498 
35.264 3103 2205 1083 428 541 498 
35.3139 3103 2204 1112 425 541 485 
35.364 3103 2204 1112 425 541 485 
35.414 3102 2203 1139 425 541 475 
35.464 3102 2203 1139 425 541 475 
35.514 3103 2203 1165 425 541 470 
35.564 3103 2203 1165 425 541 470 
35.614 3103 2203 1195 425 541 467 
35.6639 3103 2203 1195 425 541 467 
35.714 3103 2205 1226 425 542 465 
35.7639 3103 2205 1226 425 542 465 
35.814 3103 2208 1254 427 542 460 
35.8639 3103 2208 1254 427 542 460 
35.914 3102 2211 1272 431 542 455 
35.9639 3102 2211 1272 431 542 455 
36.014 3103 2214 1279 435 542 450 
36.0639 3103 2214 1279 435 542 450 
36.114 3103 2216 1279 440 542 448 
36.1639 3103 2216 1279 440 542 448 
36.214 3102 2221 1279 448 542 448 
36.264 3102 2221 1279 448 542 448 
36.314 3103 2226 1281 455 542 448 
36.364 3103 2226 1281 455 542 448 
36.414 3103 2231 1282 458 542 448 
36.464 3103 2231 1282 458 542 448 
36.5139 3103 2236 1277 461 542 449 
36.564 3103 2236 1277 461 542 449 
36.6139 3102 2242 1265 461 540 451 
36.664 3102 2242 1265 461 540 451 
36.7139 3102 2248 1244 461 540 460 
36.764 3102 2248 1244 461 540 460 
36.8139 3102 2256 1213 463 540 473 
36.864 3102 2256 1213 463 540 473 
36.9139 3102 2265 1171 468 540 481 
36.964 3102 2265 1171 468 540 481 
37.0139 3102 2275 1119 474 540 487 
37.064 3102 2275 1119 474 540 487 
37.114 3102 2279 1069 478 540 493 
37.164 3102 2279 1069 478 540 493 
37.214 3102 2281 1029 480 540 499 
37.264 3102 2281 1029 480 540 499 
37.314 3102 2281 997 481 540 505 
37.3639 3102 2281 997 481 540 505 
37.414 3102 2283 962 481 539 510 
37.4639 3102 2283 962 481 539 510 
37.514 3102 2283 922 481 539 517 
37.5639 3102 2283 922 481 539 517 
37.614 3102 2282 888 481 538 528 
37.6639 3102 2282 888 481 538 528 
37.714 3102 2279 869 481 536 542 
37.7639 3102 2279 869 481 536 542 
37.814 3102 2277 865 481 535 550 
37.8639 3102 2277 865 481 535 550 
37.914 3103 2274 869 479 535 555 
37.964 3103 2274 869 479 535 555 
38.014 3103 2260 886 470 536 556 
38.064 3103 2260 886 470 536 556 
38.1139 3103 2254 906 458 536 556 
38.164 3103 2254 906 458 536 556 
38.2139 3104 2252 924 447 536 552 
38.264 3104 2252 924 447 536 552 
38.3139 3104 2252 940 442 536 544 
38.364 3104 2252 940 442 536 544 
38.4139 3104 2248 954 442 536 533 
38.464 3104 2248 954 442 536 533 
38.5139 3104 2243 970 442 536 518 
38.564 3104 2243 970 442 536 518 
38.6139 3104 2238 994 442 536 504 
38.664 3104 2238 994 442 536 504 
38.714 3104 2233 1016 442 536 491 
38.764 3104 2233 1016 442 536 491 
38.814 3104 2230 1034 442 536 483 
38.864 3104 2230 1034 442 536 483 
38.914 3104 2226 1047 442 536 478 
38.964 3104 2226 1047 442 536 478 
39.014 3104 2220 1056 442 536 477 
39.0639 3104 2220 1056 442 536 477 
39.114 3104 2215 1057 442 536 473 
39.1639 3104 2215 1057 442 536 473 
39.214 3103 2212 1048 442 535 467 
39.2639 3103 2212 1048 442 535 467 
39.314 3103 2212 1024 442 535 460 
39.3639 3103 2212 1024 442 535 460 
39.414 3103 2213 978 442 535 452 
39.4639 3103 2213 978 442 535 452 
39.514 3103 2215 923 442 535 450 
39.564 3103 2215 923 442 535 450 
39.614 3103 2211 860 440 534 450 
39.664 3103 2211 860 440 534 450 
39.714 3103 2206 804 438 531 452 
39.764 3103 2206 804 438 531 452 
39.8139 3102 2200 762 437 524 457 
39.864 3102 2200 762 437 524 457 
39.9139 3102 2197 753 437 508 466 
39.964 3102 2197 753 437 508 466 
40.0139 3102 2195 753 436 486 477 
40.064 3102 2195 753 436 486 477 
40.1139 3102 2187 753 428 476 484 
40.164 3102 2187 753 428 476 484 
40.2139 3102 2176 755 407 477 485 
40.264 3102 2176 755 407 477 485 
40.3139 3102 2176 758 381 477 487 
40.364 3102 2176 758 381 477 487 
40.414 3103 2175 767 358 479 490 
40.464 3103 2175 767 358 479 490 
40.514 3103 2175 771 353 481 494 
40.564 3103 2175 771 353 481 494 
40.614 3103 2171 770 360 482 503 
40.664 3103 2171 770 360 482 503 
40.714 3103 2166 766 380 481 513 
40.7639 3103 2166 766 380 481 513 
40.814 3103 2164 758 405 480 519 
40.8639 3103 2164 758 405 480 519 
40.914 3103 2166 753 432 480 523 
40.9639 3103 2166 753 432 480 523 
41.014 3103 2169 753 455 477 524 
41.0639 3103 2169 753 455 477 524 
41.114 3103 2172 756 474 477 522 
41.1639 3103 2172 756 474 477 522 
41.214 3103 2174 763 482 479 516 
41.264 3103 2174 763 482 479 516 
41.314 3103 2175 776 482 479 506 
41.364 3103 2175 776 482 479 506 
41.414 3103 2175 796 482 479 494 
41.464 3103 2175 796 482 479 494 
41.5139 3103 2178 811 480 479 486 
41.564 3103 2178 811 480 479 486 
41.6139 3103 2183 812 480 479 481 
41.664 3103 2183 812 480 479 481 
41.7139 3103 2184 807 480 479 476 
41.764 3103 2184 807 480 479 476 
41.8139 3103 2181 811 480 480 470 
41.864 3103 2181 811 480 480 470 
41.9139 3103 2176 817 475 492 460 
41.964 3103 2176 817 475 492 460 
42.014 3103 2163 838 461 511 452 
42.064 3103 2163 838 461 511 452 
42.114 3103 2153 872 448 534 449 
42.164 3103 2153 872 448 534 449 
42.214 3103 2150 915 446 552 449 
42.264 3103 2150 915 446 552 449 
42.314 3103 2153 977 446 557 449 
42.3639 3103 2153 977 446 557 449 
42.414 3103 2160 1040 449 557 449 
42.4639 3103 2160 1040 449 557 449 
42.514 3103 2174 1104 459 557 449 
42.5639 3103 2174 1104 459 557 449 
42.614 3103 2196 1161 468 557 452 
42.6639 3103 2196 1161 468 557 452 
42.714 3103 2225 1206 476 556 461 
42.7639 3103 2225 1206 476 556 461 
42.814 3103 2257 1241 481 557 471 
42.864 3103 2257 1241 481 557 471 
42.914 3103 2292 1269 483 557 478 
42.964 3103 2292 1269 483 557 478 
43.014 3103 2327 1288 486 556 485 
43.064 3103 2327 1288 486 556 485 
43.1139 3103 2361 1295 490 557 491 
43.164 3103 2361 1295 490 557 491 
43.2139 3103 2392 1295 496 557 496 
43.264 3103 2392 1295 496 557 496 
43.3139 3103 2428 1287 500 555 505 
43.364 3103 2428 1287 500 555 505 
43.4139 3102 2453 1279 507 554 510 
43.464 3102 2453 1279 507 554 510 
43.5139 3102 2466 1274 514 553 516 
43.564 3102 2466 1274 514 553 516 
43.6139 3102 2468 1270 517 553 522 
43.664 3102 2468 1270 517 553 522 
43.714 3103 2463 1269 517 553 528 
43.764 3103 2463 1269 517 553 528 
43.814 3102 2457 1269 517 553 535 
43.864 3102 2457 1269 517 553 535 
43.914 3103 2450 1269 517 553 539 
43.9639 3103 2450 1269 517 553 539 
44.014 3103 2439 1268 517 553 540 
44.0639 3103 2439 1268 517 553 540 
44.114 3102 2432 1268 518 553 540 
44.1639 3102 2432 1268 518 553 540 
44.214 3103 2420 1268 517 553 537 
44.2639 3103 2420 1268 517 553 537 
44.314 3102 2406 1268 517 553 531 
44.3639 3102 2406 1268 517 553 531 
44.414 3103 2388 1272 517 553 518 
44.4639 3103 2388 1272 517 553 518 
44.514 3103 2366 1279 515 554 507 
44.564 3103 2366 1279 515 554 507 
44.614 3102 2336 1273 514 553 495 
44.664 3102 2336 1273 514 553 495 
44.7139 3102 2308 1248 513 552 486 
44.764 3102 2308 1248 513 552 486 
44.8139 3102 2287 1197 513 552 481 
44.864 3102 2287 1197 513 552 481 
44.9139 3102 2276 1136 513 552 480 
44.964 3102 2276 1136 513 552 480 
45.0139 3103 2266 1083 513 552 479 
45.064 3103 2266 1083 513 552 479 
45.1139 3102 2256 1050 513 552 479 
45.164 3102 2256 1050 513 552 479 
45.2139 3102 2242 1050 510 553 480 
45.2639 3102 2242 1050 510 553 480 
45.3139 3102 2230 1079 506 555 481 
45.3639 3102 2230 1079 506 555 481 
45.414 3103 2219 1124 500 557 485 
45.4639 3103 2219 1124 500 557 485 
45.514 3102 2214 1169 498 559 489 
45.5639 3102 2214 1169 498 559 489 
45.614 3102 2211 1210 496 559 497 
45.6639 3102 2211 1210 496 559 497 
45.714 3103 2212 1232 493 559 507 
45.7639 3103 2212 1232 493 559 507 
45.814 3102 2211 1238 492 559 517 
45.8641 3102 2211 1238 492 559 517 
45.914 3103 2209 1239 491 559 528 
45.9639 3103 2209 1239 491 559 528 
46.014 3102 2208 1239 491 559 541 
46.0639 3102 2208 1239 491 559 541 
46.114 3102 2209 1238 491 559 548 
46.164 3102 2209 1238 491 559 548 
46.214 3103 2211 1239 491 559 550 
46.264 3103 2211 1239 491 559 550 
46.3139 3102 2209 1239 491 559 551 
46.364 3102 2209 1239 491 559 551 
46.414 3102 2209 1239 491 559 555 
46.464 3102 2209 1239 491 559 555 
46.5139 3102 2209 1235 491 559 561 
46.564 3102 2209 1235 491 559 561 
46.6139 3102 2208 1229 491 559 563 
46.664 3102 2208 1229 491 559 563 
46.7139 3102 2208 1215 491 559 559 
46.764 3102 2208 1215 491 559 559 
46.8139 3102 2207 1189 491 559 545 
46.864 3102 2207 1189 491 559 545 
46.9139 3102 2206 1148 491 559 528 
46.964 3102 2206 1148 491 559 528 
47.014 3102 2206 1095 491 559 511 
47.064 3102 2206 1095 491 559 511 
47.114 3102 2207 1038 491 559 496 
47.164 3102 2207 1038 491 559 496 
47.214 3102 2208 978 491 560 483 
47.2639 3102 2208 978 491 560 483 
47.314 3102 2209 925 491 560 471 
47.3639 3102 2209 925 491 560 471 
47.414 3102 2208 881 490 560 456 
47.4639 3102 2208 881 490 560 456 
47.514 3102 2208 850 484 560 442 
47.5639 3102 2208 850 484 560 442 
47.614 3102 2208 830 470 560 438 
47.6639 3102 2208 830 470 560 438 
47.714 3103 2208 824 456 557 437 
47.7639 3103 2208 824 456 557 437 
47.814 3103 2205 830 445 560 437 
47.864 3103 2205 830 445 560 437 
47.914 3104 2201 844 431 560 439 
47.964 3104 2201 844 431 560 439 
48.014 3104 2196 861 421 561 442 
48.064 3104 2196 861 421 561 442 
48.1139 3104 2191 869 417 560 451 
48.164 3104 2191 869 417 560 451 
48.2139 3104 2184 870 417 560 466 
48.264 3104 2184 870 417 560 466 
48.3139 3104 2176 875 417 560 481 
48.364 3104 2176 875 417 560 481 
48.4139 3104 2169 885 417 560 488 
48.464 3104 2169 885 417 560 488 
48.5139 3105 2165 895 417 560 490 
48.564 3105 2165 895 417 560 490 
48.6139 3107 2165 898 417 561 490 
48.664 3107 2165 898 417 561 490 
48.714 3107 2164 897 417 561 495 
48.764 3107 2164 897 417 561 495 
48.814 3107 2160 891 417 561 502 
48.8639 3107 2160 891 417 561 502 
48.914 3107 2156 884 417 561 508 
48.9639 3107 2156 884 417 561 508 
49.014 3107 2155 875 417 561 512 
49.0639 3107 2155 875 417 561 512 
49.114 3105 2153 865 417 561 516 
49.1639 3105 2153 865 417 561 516 
49.214 3104 2153 855 417 561 520 
49.2639 3104 2153 855 417 561 520 
49.314 3103 2156 839 417 561 528 
49.3639 3103 2156 839 417 561 528 
49.414 3103 2162 821 418 561 535 
49.464 3103 2162 821 418 561 535 
49.514 3103 2172 807 424 561 542 
49.564 3103 2172 807 424 561 542 
49.614 3103 2180 798 433 561 545 
49.664 3103 2180 798 433 561 545 
49.7139 3103 2190 797 446 561 546 
49.764 3103 2190 797 446 561 546 
49.8139 3103 2198 801 458 561 546 
49.864 3103 2198 801 458 561 546 
49.9139 3103 2207 810 468 561 546 
49.964 3103 2207 810 468 561 546 
50.0139 3103 2210 829 474 562 546 
50.064 3103 2210 829 474 562 546 
50.1139 3103 2212 858 474 563 544 
50.164 3103 2212 858 474 563 544 
50.2139 3103 2212 896 474 569 539 
50.264 3103 2212 896 474 569 539 
50.314 3103 2208 948 474 575 532 
50.364 3103 2208 948 474 575 532 
50.414 3103 2206 1004 474 580 526 
50.464 3103 2206 1004 474 580 526 
50.514 3103 2204 1057 474 581 524 
50.5639 3103 2204 1057 474 581 524 
50.614 3103 2200 1106 474 581 525 
50.6639 3103 2200 1106 474 581 525 
50.714 3103 2195 1145 474 580 527 
50.7639 3103 2195 1145 474 580 527 
50.814 3103 2193 1178 474 580 531 
50.8639 3103 2193 1178 474 580 531 
50.914 3103 2194 1182 474 580 534 
50.9639 3103 2194 1182 474 580 534 
51.014 3103 2193 1171 474 580 536 
51.0639 3103 2193 1171 474 580 536 
51.114 3102 2192 1136 474 580 536 
51.164 3102 2192 1136 474 580 536 
51.214 3102 2189 1081 474 580 536 
51.264 3102 2189 1081 474 580 536 
51.314 3102 2187 1018 474 580 536 
51.364 3102 2187 1018 474 580 536 
51.414 3102 2185 950 474 580 535 
51.464 3102 2185 950 474 580 535 
51.5139 3102 2187 887 474 580 531 
51.564 3102 2187 887 474 580 531 
51.6139 3102 2190 831 474 580 523 
51.664 3102 2190 831 474 580 523 
51.7139 3102 2192 788 474 580 516 
51.764 3102 2192 788 474 580 516 
51.8139 3103 2193 753 474 580 511 
51.864 3103 2193 753 474 580 511 
51.9139 3102 2193 752 473 565 508 
51.964 3102 2193 752 473 565 508 
52.014 3102 2188 753 466 552 507 
52.064 3102 2188 753 466 552 507 
52.114 3102 2182 754 451 542 504 
52.164 3102 2182 754 451 542 504 
52.214 3103 2173 760 431 542 502 
52.2639 3103 2173 760 431 542 502 
52.314 3103 2162 780 408 542 499 
52.3639 3103 2162 780 408 542 499 
52.414 3103 2157 814 389 543 494 
52.4639 3103 2157 814 389 543 494 
52.514 3103 2157 852 380 552 487 
52.5639 3103 2157 852 380 552 487 
52.614 3103 2156 885 380 563 483 
52.6639 3103 2156 885 380 563 483 
52.714 3103 2157 901 382 576 481 
52.764 3103 2157 901 382 576 481 
52.8139 3103 2156 907 382 586 480 
52.864 3103 2156 907 382 586 480 
52.914 3103 2153 907 382 585 480 
52.964 3103 2153 907 382 585 480 
53.014 3103 2153 907 382 585 480 
53.064 3103 2153 907 382 585 480 
53.1139 3103 2152 907 382 586 480 
53.164 3103 2152 907 382 586 480 
53.2139 3103 2153 907 382 585 481 
53.264 3103 2153 907 382 585 481 
53.3139 3103 2154 907 382 584 485 
53.364 3103 2154 907 382 584 485 
53.4139 3102 2156 908 382 584 490 
53.464 3102 2156 908 382 584 490 
53.5139 3103 2158 907 382 584 495 
53.564 3103 2158 907 382 584 495 
53.614 3103 2159 903 383 583 502 
53.664 3103 2159 903 383 583 502 
53.714 3103 2160 898 388 582 507 
53.764 3103 2160 898 388 582 507 
53.814 3103 2163 896 396 582 508 
53.864 3103 2163 896 396 582 508 
53.914 3103 2163 906 406 583 511 
53.9639 3103 2163 906 406 583 511 
54.014 3103 2163 934 411 586 514 
54.0639 3103 2163 934 411 586 514 
54.114 3103 2167 977 412 587 517 
54.1639 3103 2167 977 412 587 517 
54.214 3103 2172 1029 412 588 520 
54.2639 3103 2172 1029 412 588 520 
54.314 3103 2176 1085 414 588 523 
54.3639 3103 2176 1085 414 588 523 
54.414 3103 2180 1150 416 588 524 
54.464 3103 2180 1150 416 588 524 
54.514 3103 2189 1217 419 588 527 
54.564 3103 2189 1217 419 588 527 
54.614 3103 2202 1258 424 588 530 
54.664 3103 2202 1258 424 588 530 
54.7139 3103 2211 1271 429 587 533 
54.764 3103 2211 1271 429 587 533 
54.8139 3103 2216 1269 435 586 536 
54.864 3103 2216 1269 435 586 536 
54.9139 3103 2219 1267 443 586 537 
54.964 3103 2219 1267 443 586 537 
55.0139 3102 2223 1252 449 586 537 
55.064 3102 2223 1252 449 586 537 
55.1139 3102 2227 1215 461 586 537 
55.164 3102 2227 1215 461 586 537 
55.2139 3102 2234 1155 470 586 539 
55.264 3102 2234 1155 470 586 539 
55.314 3102 2241 1089 478 587 541 
55.3639 3102 2241 1089 478 587 541 
55.414 3102 2254 1034 485 587 541 
55.4639 3102 2254 1034 485 587 541 
55.514 3102 2273 998 493 587 541 
55.564 3102 2273 998 493 587 541 
55.614 3102 2299 982 499 588 540 
55.6639 3102 2299 982 499 588 540 
55.714 3102 2324 989 502 588 539 
55.7639 3102 2324 989 502 588 539 
55.814 3102 2350 1004 502 590 535 
55.8639 3102 2350 1004 502 590 535 
55.914 3102 2372 1021 502 590 530 
55.9639 3102 2372 1021 502 590 530 
56.014 3102 2392 1026 502 590 522 
56.0639 3102 2392 1026 502 590 522 
56.114 3102 2410 1022 504 588 516 
56.164 3102 2410 1022 504 588 516 
56.2139 3102 2423 1012 505 587 511 
56.264 3102 2423 1012 505 587 511 
56.314 3102 2432 1000 508 586 508 
56.364 3102 2432 1000 508 586 508 
56.414 3102 2437 988 509 586 507 
56.464 3102 2437 988 509 586 507 
56.5139 3102 2435 979 510 586 503 
56.564 3102 2435 979 510 586 503 
56.6139 3102 2427 982 510 586 499 
56.664 3102 2427 982 510 586 499 
56.7139 3102 2408 992 510 588 496 
56.764 3102 2408 992 510 588 496 
56.8139 3102 2387 1008 510 588 495 
56.864 3102 2387 1008 510 588 495 
56.914 3102 2363 1022 510 588 495 
56.964 3102 2363 1022 510 588 495 
57.014 3102 2338 1030 508 588 495 
57.064 3102 2338 1030 508 588 495 
57.114 3102 2315 1023 506 586 498 
57.164 3102 2315 1023 506 586 498 
57.214 3102 2298 999 506 584 503 
57.2639 3102 2298 999 506 584 503 
57.314 3102 2290 956 506 584 507 
57.3639 3102 2290 956 506 584 507 
57.414 3102 2290 903 508 584 508 
57.4639 3102 2290 903 508 584 508 
57.514 3102 2293 855 515 584 508 
57.5639 3102 2293 855 515 584 508 
57.614 3102 2295 807 522 584 508 
57.6639 3102 2295 807 522 584 508 
57.714 3101 2294 768 526 583 508 
57.764 3101 2294 768 526 583 508 
57.814 3102 2284 753 525 581 503 
57.864 3102 2284 753 525 581 503 
57.9139 3102 2263 754 518 578 493 
57.964 3102 2263 754 518 578 493 
58.014 3102 2238 762 502 580 479 
58.064 3102 2238 762 502 580 479 
58.1139 3102 2214 779 484 581 471 
58.164 3102 2214 779 484 581 471 
58.2139 3102 2192 812 460 580 467 
58.264 3102 2192 812 460 580 467 
58.3139 3102 2177 841 432 580 467 
58.364 3102 2177 841 432 580 467 
58.4139 3102 2168 844 416 572 470 
58.464 3102 2168 844 416 572 470 
58.514 3102 2157 832 414 546 473 
58.564 3102 2157 832 414 546 473 
58.614 3102 2144 815 416 511 481 
58.664 3102 2144 815 416 511 481 
58.714 3102 2131 806 414 478 491 
58.7639 3102 2131 806 414 478 491 
58.814 3102 2118 808 404 462 504 
58.864 3102 2118 808 404 462 504 
58.914 3103 2112 817 386 464 516 
58.9639 3103 2112 817 386 464 516 
59.014 3103 2111 837 360 469 526 
59.0639 3103 2111 837 360 469 526 
59.114 3103 2111 864 341 475 533 
59.1639 3103 2111 864 341 475 533 
59.2139 3103 2113 895 331 480 533 
59.2639 3103 2113 895 331 480 533 
59.314 3103 2114 914 330 484 533 
59.3639 3103 2114 914 330 484 533 
59.414 3103 2114 921 330 486 533 
59.464 3103 2114 921 330 486 533 
59.514 3103 2113 918 331 486 532 
59.564 3103 2113 918 331 486 532 
59.6139 3103 2115 920 331 485 531 
59.664 3103 2115 920 331 485 531 
59.7139 3103 2117 925 331 486 528 
59.764 3103 2117 925 331 486 528 
59.8139 3103 2119 938 331 486 523 
59.864 3103 2119 938 331 486 523 
59.9139 3103 2125 955 331 486 517 
59.964 3103 2125 955 331 486 517 
60.0139 3103 2131 970 331 486 511 
60.064 3103 2131 970 331 486 511 
60.1139 3103 2138 989 332 486 507 
60.164 3103 2138 989 332 486 507 
60.214 3103 2146 1009 335 487 506 
60.264 3103 2146 1009 335 487 506 
60.314 3103 2152 1029 339 487 503 
60.364 3103 2152 1029 339 487 503 
60.414 3103 2154 1055 345 490 503 
60.464 3103 2154 1055 345 490 503 
60.514 3103 2155 1083 355 498 502 
60.5639 3103 2155 1083 355 498 502 
60.614 3103 2156 1111 365 510 502 
60.6641 3103 2156 1111 365 510 502 
60.714 3103 2155 1139 372 520 503 
60.7639 3103 2155 1139 372 520 503 
60.814 3103 2155 1167 380 528 505 
60.8639 3103 2155 1167 380 528 505 
60.914 3103 2154 1190 387 534 508 
60.9639 3103 2154 1190 387 534 508 
61.014 3103 2152 1208 392 536 509 
61.064 3103 2152 1208 392 536 509 
61.114 3103 2151 1223 394 536 507 
61.164 3103 2151 1223 394 536 507 
61.2139 3103 2149 1229 399 536 495 
61.264 3103 2149 1229 399 536 495 
61.314 3103 2146 1224 403 536 485 
61.364 3103 2146 1224 403 536 485 
61.4139 3103 2143 1214 406 535 481 
61.464 3103 2143 1214 406 535 481 
61.5139 3102 2141 1186 406 535 481 
61.564 3102 2141 1186 406 535 481 
61.6139 3102 2137 1146 403 535 483 
61.664 3102 2137 1146 403 535 483 
61.7139 3103 2131 1102 396 535 488 
61.764 3103 2131 1102 396 535 488 
61.8139 3102 2125 1062 378 535 497 
61.864 3102 2125 1062 378 535 497 
61.914 3102 2122 1040 346 535 508 
61.9639 3102 2122 1040 346 535 508 
62.014 3103 2124 1030 311 535 515 
62.064 3103 2124 1030 311 535 515 
62.114 3103 2126 1023 283 535 517 
62.164 3103 2126 1023 283 535 517 
62.214 3103 2123 1009 266 534 519 
62.2639 3103 2123 1009 266 534 519 
62.314 3102 2118 989 254 532 519 
62.3639 3102 2118 989 254 532 519 
62.414 3102 2110 961 244 532 520 
62.4639 3102 2110 961 244 532 520 
62.514 3103 2105 921 231 530 520 
62.5641 3103 2105 921 231 530 520 
62.6139 3103 2103 878 217 524 520 
62.664 3103 2103 878 217 524 520 
62.714 3103 2102 840 206 512 518 
62.764 3103 2102 840 206 512 518 
62.814 3102 2102 808 198 496 513 
62.864 3102 2102 808 198 496 513 
62.9139 3103 2101 780 195 480 507 
62.964 3103 2101 780 195 480 507 
63.0139 3102 2102 756 195 466 502 
63.064 3102 2102 756 195 466 502 
63.1139 3103 2102 753 195 450 496 
63.164 3103 2102 753 195 450 496 
63.2139 3102 2104 753 192 435 492 
63.264 3102 2104 753 192 435 492 
63.3139 3103 2104 753 189 427 490 
63.364 3103 2104 753 189 427 490 
63.4139 3103 2103 753 184 422 490 
63.4639 3103 2103 753 184 422 490 
63.514 3103 2103 753 181 421 490 
63.564 3103 2103 753 181 421 490 
63.614 3103 2102 753 179 421 490 
63.664 3103 2102 753 179 421 490 
63.7141 3103 2101 753 177 421 491 
63.7639 3103 2101 753 177 421 491 
63.814 3102 2102 753 176 421 494 
63.8639 3102 2102 753 176 421 494 
63.914 3103 2102 753 174 421 502 
63.9641 3103 2102 753 174 421 502 
64.014 3103 2102 753 172 421 510 
64.0639 3103 2102 753 172 421 510 
64.114 3103 2102 753 169 422 517 
64.1639 3103 2102 753 169 422 517 
64.214 3105 2103 753 167 422 520 
64.2639 3105 2103 753 167 422 520 
64.314 3111 2103 757 160 423 526 
64.364 3111 2103 757 160 423 526 
64.414 3112 2104 759 153 429 531 
64.464 3112 2104 759 153 429 531 
64.5139 3113 2105 761 148 433 535 
64.564 3113 2105 761 148 433 535 
64.6139 3113 2105 767 146 435 535 
64.664 3113 2105 767 146 435 535 
64.7139 3113 2105 770 145 435 535 
64.764 3113 2105 770 145 435 535 
64.8139 3114 2105 771 145 435 528 
64.864 3114 2105 771 145 435 528 
64.9139 3114 2105 778 144 435 516 
64.964 3114 2105 778 144 435 516 
65.0139 3114 2106 791 143 436 505 
65.064 3114 2106 791 143 436 505 
65.1139 3113 2106 808 142 438 502 
65.164 3113 2106 808 142 438 502 
65.214 3113 2106 826 142 443 504 
65.264 3113 2106 826 142 443 504 
65.314 3114 2107 836 142 450 505 
65.364 3114 2107 836 142 450 505 
65.414 3114 2110 840 142 454 506 
65.4639 3114 2110 840 142 454 506 
65.514 3112 2110 841 142 455 506 
65.564 3112 2110 841 142 455 506 
65.614 3110 2109 844 142 455 506 
65.6639 3110 2109 844 142 455 506 
65.714 3109 2110 856 142 456 506 
65.7639 3109 2110 856 142 456 506 
65.814 3106 2113 879 142 461 507 
65.8639 3106 2113 879 142 461 507 
65.914 3105 2121 905 142 470 507 
65.964 3105 2121 905 142 470 507 
66.014 3105 2127 931 142 480 507 
66.064 3105 2127 931 142 480 507 
66.114 3105 2132 960 142 487 507 
66.164 3105 2132 960 142 487 507 
66.2139 3104 2138 993 142 490 507 
66.264 3104 2138 993 142 490 507 
66.3139 3103 2146 1024 142 490 507 
66.364 3103 2146 1024 142 490 507 
66.4139 3103 2152 1049 142 490 507 
66.464 3103 2152 1049 142 490 507 
66.5139 3103 2154 1077 144 491 507 
66.564 3103 2154 1077 144 491 507 
66.6139 3103 2156 1108 153 492 507 
66.664 3103 2156 1108 153 492 507 
66.7139 3103 2159 1131 168 493 507 
66.764 3103 2159 1131 168 493 507 
66.8139 3103 2159 1148 189 494 507 
66.864 3103 2159 1148 189 494 507 
66.914 3103 2153 1163 212 497 507 
66.964 3103 2153 1163 212 497 507 
67.014 3103 2147 1172 234 505 507 
67.0639 3103 2147 1172 234 505 507 
67.114 3103 2141 1178 253 512 507 
67.1639 3103 2141 1178 253 512 507 
67.214 3103 2136 1180 270 519 507 
67.2639 3103 2136 1180 270 519 507 
67.314 3103 2132 1178 283 521 507 
67.3639 3103 2132 1178 283 521 507 
67.414 3103 2129 1172 296 521 507 
67.4639 3103 2129 1172 296 521 507 
67.514 3103 2128 1160 306 521 507 
67.5639 3103 2128 1160 306 521 507 
67.614 3102 2128 1132 315 521 507 
67.664 3102 2128 1132 315 521 507 
67.714 3102 2127 1091 324 521 507 
67.764 3102 2127 1091 324 521 507 
67.814 3103 2127 1041 332 521 507 
67.864 3103 2127 1041 332 521 507 
67.9139 3102 2127 991 344 521 507 
67.964 3102 2127 991 344 521 507 
68.0139 3102 2131 948 358 521 507 
68.064 3102 2131 948 358 521 507 
68.1139 3102 2134 923 372 521 507 
68.164 3102 2134 923 372 521 507 
68.2139 3102 2142 909 387 521 503 
68.264 3102 2142 909 387 521 503 
68.3139 3103 2149 914 401 521 494 
68.364 3103 2149 914 401 521 494 
68.4139 3103 2155 926 411 525 487 
68.464 3103 2155 926 411 525 487 
68.514 3103 2159 949 416 538 487 
68.564 3103 2159 949 416 538 487 
68.614 3103 2166 979 418 552 486 
68.6639 3103 2166 979 418 552 486 
68.714 3103 2171 1014 422 564 486 
68.7639 3103 2171 1014 422 564 486 
68.814 3103 2174 1048 422 574 486 
68.8639 3103 2174 1048 422 574 486 
68.914 3103 2175 1083 422 578 486 
68.9639 3103 2175 1083 422 578 486 
69.014 3103 2175 1118 422 580 486 
69.0639 3103 2175 1118 422 580 486 
69.114 3103 2176 1150 422 581 486 
69.1639 3103 2176 1150 422 581 486 
69.214 3103 2179 1173 422 581 486 
69.2639 3103 2179 1173 422 581 486 
69.314 3103 2181 1193 422 581 487 
69.364 3103 2181 1193 422 581 487 
69.414 3103 2186 1209 422 580 490 
69.464 3103 2186 1209 422 580 490 
69.514 3103 2195 1219 422 580 496 
69.564 3103 2195 1219 422 580 496 
69.6139 3103 2212 1225 422 580 507 
69.664 3103 2212 1225 422 580 507 
69.7139 3103 2229 1228 422 580 514 
69.764 3103 2229 1228 422 580 514 
69.8139 3103 2246 1226 422 580 516 
69.864 3103 2246 1226 422 580 516 
69.9139 3102 2266 1217 422 578 516 
69.964 3102 2266 1217 422 578 516 
70.0141 3102 2289 1192 425 577 516 
70.0639 3102 2289 1192 425 577 516 
70.114 3102 2305 1154 433 576 516 
70.164 3102 2305 1154 433 576 516 
70.2141 3102 2313 1115 445 575 516 
70.2639 3102 2313 1115 445 575 516 
70.314 3102 2318 1066 456 574 516 
70.364 3102 2318 1066 456 574 516 
70.4138 3102 2328 1026 469 571 516 
70.4639 3102 2328 1026 469 571 516 
70.514 3102 2334 1002 485 570 512 
70.5641 3102 2334 1002 485 570 512 
70.6139 3102 2335 995 498 570 507 
70.6639 3102 2335 995 498 570 507 
70.714 3102 2330 1002 506 570 503 
70.7641 3102 2330 1002 506 570 503 
70.8139 3102 2320 1022 506 570 498 
70.8639 3102 2320 1022 506 570 498 
70.914 3102 2306 1055 506 570 493 
70.9641 3102 2306 1055 506 570 493 
71.0139 3102 2302 1073 506 570 493 
71.064 3102 2302 1073 506 570 493 
71.114 3102 2306 1068 507 570 492 
71.1638 3102 2306 1068 507 570 492 
71.2139 3102 2317 1057 510 570 491 
71.264 3102 2317 1057 510 570 491 
71.314 3102 2335 1043 513 570 491 
71.3639 3102 2335 1043 513 570 491 
71.4139 3103 2357 1025 515 570 490 
71.464 3103 2357 1025 515 570 490 
71.5141 3102 2372 1009 518 570 488 
71.5639 3102 2372 1009 518 570 488 
71.6139 3102 2383 995 518 570 487 
71.664 3102 2383 995 518 570 487 
71.7141 3102 2391 982 519 570 487 
71.7639 3102 2391 982 519 570 487 
71.814 3102 2400 971 519 571 487 
71.864 3102 2400 971 519 571 487 
71.9141 3102 2410 954 519 571 487 
71.9639 3102 2410 954 519 571 487 
72.014 3102 2420 930 519 571 487 
72.064 3102 2420 930 519 571 487 
72.1138 3102 2431 906 519 571 487 
72.1639 3102 2431 906 519 571 487 
72.214 3102 2441 886 519 571 490 
72.2641 3102 2441 886 519 571 490 
72.3139 3102 2449 874 519 571 496 
72.3639 3102 2449 874 519 571 496 
72.414 3103 2452 872 519 571 507 
72.4641 3103 2452 872 519 571 507 
72.5139 3103 2448 877 519 570 514 
72.5639 3103 2448 877 519 570 514 
72.614 3103 2442 880 518 571 517 
72.6641 3103 2442 880 518 571 517 
72.7139 3103 2432 882 517 570 517 
72.764 3103 2432 882 517 570 517 
72.814 3103 2421 883 513 570 517 
72.8638 3103 2421 883 513 570 517 
72.9139 3103 2406 891 508 570 519 
72.964 3103 2406 891 508 570 519 
73.0141 3103 2394 909 502 570 520 
73.0639 3103 2394 909 502 570 520 
73.1139 3103 2377 941 490 570 522 
73.164 3103 2377 941 490 570 522 
73.2141 3103 2363 969 479 570 524 
73.2639 3103 2363 969 479 570 524 
73.3139 3103 2349 984 471 570 528 
73.364 3103 2349 984 471 570 528 
73.4141 3103 2334 987 468 570 530 
73.4639 3103 2334 987 468 570 530 
73.514 3103 2321 974 468 569 530 
73.564 3103 2321 974 468 569 530 
73.6138 3102 2317 948 468 569 528 
73.6639 3102 2317 948 468 569 528 
73.714 3102 2321 919 469 569 524 
73.764 3102 2321 919 469 569 524 
73.8139 3103 2335 887 468 569 519 
73.8639 3103 2335 887 468 569 519 
73.914 3102 2351 856 468 569 516 
73.9641 3102 2351 856 468 569 516 
74.0139 3102 2370 831 468 570 512 
74.0639 3102 2370 831 468 570 512 
74.114 3103 2391 816 468 570 509 
74.1641 3103 2391 816 468 570 509 
74.2139 3103 2412 811 468 570 509 
74.264 3103 2412 811 468 570 509 
74.314 3102 2432 816 468 570 509 
74.3641 3102 2432 816 468 570 509 
74.4139 3103 2446 819 468 570 508 
74.464 3103 2446 819 468 570 508 
74.514 3103 2448 822 467 570 509 
74.5638 3103 2448 822 467 570 509 
74.6139 3102 2438 824 461 570 509 
74.664 3102 2438 824 461 570 509 
74.7141 3103 2429 823 454 570 509 
74.7639 3103 2429 823 454 570 509 
74.8139 3103 2425 818 452 570 509 
74.864 3103 2425 818 452 570 509 
74.9141 3103 2421 813 452 569 508 
74.9639 3103 2421 813 452 569 508 
75.0139 3103 2419 801 452 569 508 
75.064 3103 2419 801 452 569 508 
75.1141 3103 2417 783 452 569 508 
75.1639 3103 2417 783 452 569 508 
75.214 3103 2405 768 452 569 507 
75.264 3103 2405 768 452 569 507 
75.3141 3103 2387 757 452 569 507 
75.3639 3103 2387 757 452 569 507 
75.414 3103 2372 757 448 569 507 
75.4641 3103 2372 757 448 569 507 
75.5139 3103 2357 764 442 569 507 
75.5639 3103 2357 764 442 569 507 
75.614 3103 2343 774 433 570 507 
75.6641 3103 2343 774 433 570 507 
75.7139 3103 2329 794 428 570 507 
75.7639 3103 2329 794 428 570 507 
75.814 3103 2312 823 420 570 505 
75.8641 3103 2312 823 420 570 505 
75.9139 3103 2298 851 411 571 503 
75.964 3103 2298 851 411 571 503 
76.014 3103 2288 873 401 571 500 
76.0641 3103 2288 873 401 571 500 
76.1139 3103 2284 895 393 571 498 
76.164 3103 2284 895 393 571 498 
76.214 3103 2284 908 392 571 495 
76.2638 3103 2284 908 392 571 495 
76.3139 3103 2286 922 392 573 492 
76.364 3103 2286 922 392 573 492 
76.4141 3103 2289 946 391 574 485 
76.4639 3103 2289 946 391 574 485 
76.5139 3103 2296 963 392 576 478 
76.564 3103 2296 963 392 576 478 
76.6141 3103 2312 960 400 576 470 
76.6639 3103 2312 960 400 576 470 
76.714 3103 2333 952 409 576 453 
76.764 3103 2333 952 409 576 453 
76.8141 3103 2352 941 422 576 429 
76.8639 3103 2352 941 422 576 429 
76.914 3103 2368 925 436 576 413 
76.964 3103 2368 925 436 576 413 
77.0138 3103 2382 904 448 576 411 
77.0639 3103 2382 904 448 576 411 
77.114 3103 2396 882 458 576 413 
77.1641 3103 2396 882 458 576 413 
77.2139 3103 2405 865 462 576 421 
77.2639 3103 2405 865 462 576 421 
77.314 3103 2412 849 464 576 440 
77.3641 3103 2412 849 464 576 440 
77.4139 3103 2414 833 464 576 460 
77.4639 3103 2414 833 464 576 460 
77.514 3103 2413 817 464 576 476 
77.5641 3103 2413 817 464 576 476 
77.6139 3103 2410 802 464 576 488 
77.664 3103 2410 802 464 576 488 
77.714 3103 2405 789 463 576 498 
77.7638 3103 2405 789 463 576 498 
77.8139 3103 2397 780 460 575 508 
77.864 3103 2397 780 460 575 508 
77.914 3103 2387 774 455 576 521 
77.9641 3103 2387 774 455 576 521 
78.0139 3103 2371 772 447 576 535 
78.064 3103 2371 772 447 576 535 
78.1141 3103 2361 772 442 576 539 
78.1639 3103 2361 772 442 576 539 
78.2139 3103 2351 776 440 576 536 
78.264 3103 2351 776 440 576 536 
78.3141 3103 2347 779 435 576 524 
78.3639 3103 2347 779 435 576 524 
78.414 3103 2343 779 431 576 507 
78.464 3103 2343 779 431 576 507 
78.5138 3104 2335 780 428 576 490 
78.5639 3104 2335 780 428 576 490 
78.614 3103 2326 781 424 576 480 
78.664 3103 2326 781 424 576 480 
78.7138 3103 2311 792 417 576 473 
78.7639 3103 2311 792 417 576 473 
78.814 3104 2292 816 408 576 465 
78.8641 3104 2292 816 408 576 465 
78.9139 3104 2269 854 402 576 451 
78.9639 3104 2269 854 402 576 451 
79.014 3104 2249 899 398 576 437 
79.0641 3104 2249 899 398 576 437 
79.1139 3103 2228 937 398 576 427 
79.1639 3103 2228 937 398 576 427 
79.214 3103 2203 949 398 576 425 
79.2641 3103 2203 949 398 576 425 
79.3139 3103 2180 935 398 575 423 
79.364 3103 2180 935 398 575 423 
79.414 3103 2161 903 398 575 423 
79.4641 3103 2161 903 398 575 423 
79.5139 3103 2143 870 398 575 425 
79.564 3103 2143 870 398 575 425 
79.6141 3103 2128 837 398 575 428 
79.6639 3103 2128 837 398 575 428 
79.7139 3102 2117 812 398 575 437 
79.764 3102 2117 812 398 575 437 
79.8141 3103 2114 791 400 575 447 
79.8639 3103 2114 791 400 575 447 
79.9139 3102 2115 774 405 575 451 
79.964 3102 2115 774 405 575 451 
80.0141 3102 2116 759 415 575 457 
80.0639 3102 2116 759 415 575 457 
80.114 3102 2117 753 425 575 466 
80.164 3102 2117 753 425 575 466 
80.2141 3102 2120 753 436 575 477 
80.2639 3102 2120 753 436 575 477 
80.314 3102 2122 759 442 576 486 
80.364 3102 2122 759 442 576 486 
80.4138 3102 2127 768 444 576 494 
80.4639 3102 2127 768 444 576 494 
80.514 3102 2131 785 446 576 500 
80.5641 3102 2131 785 446 576 500 
80.6139 3103 2131 827 446 576 507 
80.6639 3103 2131 827 446 576 507 
80.714 3103 2138 859 446 576 513 
80.7641 3103 2138 859 446 576 513 
80.8139 3103 2146 881 446 576 520 
80.864 3103 2146 881 446 576 520 
80.914 3102 2148 897 446 576 528 
80.9641 3102 2148 897 446 576 528 
81.0139 3102 2153 900 446 576 535 
81.064 3102 2153 900 446 576 535 
81.114 3102 2154 888 446 576 535 
81.1641 3102 2154 888 446 576 535 
81.2139 3102 2156 865 446 576 535 
81.264 3102 2156 865 446 576 535 
81.3141 3102 2162 834 448 576 530 
81.3639 3102 2162 834 448 576 530 
81.4139 3102 2173 805 455 576 522 
81.464 3102 2173 805 455 576 522 
81.5141 3102 2186 788 466 576 512 
81.5639 3102 2186 788 466 576 512 
81.6139 3102 2203 784 478 576 507 
81.664 3102 2203 784 478 576 507 
81.7141 3102 2220 790 485 576 499 
81.7639 3102 2220 790 485 576 499 
81.814 3102 2238 803 489 577 492 
81.864 3102 2238 803 489 577 492 
81.9141 3102 2251 826 489 577 485 
81.9639 3102 2251 826 489 577 485 
82.014 3102 2262 853 490 577 479 
82.064 3102 2262 853 490 577 479 
82.1139 3102 2271 887 490 578 474 
82.1639 3102 2271 887 490 578 474 
82.214 3102 2274 931 490 578 466 
82.2641 3102 2274 931 490 578 466 
82.3139 3102 2285 968 489 577 456 
82.3639 3102 2285 968 489 577 456 
82.414 3102 2296 984 489 577 450 
82.4641 3102 2296 984 489 577 450 
82.5139 3102 2309 979 489 577 450 
82.564 3102 2309 979 489 577 450 
82.614 3102 2321 969 490 576 451 
82.6641 3102 2321 969 490 576 451 
82.7139 3102 2335 951 492 576 452 
82.764 3102 2335 951 492 576 452 
82.814 3102 2348 935 493 576 458 
82.8638 3102 2348 935 493 576 458 
82.9139 3102 2355 919 496 576 468 
82.964 3102 2355 919 496 576 468 
83.0141 3102 2365 901 497 576 474 
83.0639 3102 2365 901 497 576 474 
83.1139 3102 2376 874 498 576 478 
83.164 3102 2376 874 498 576 478 
83.2141 3102 2383 843 498 576 485 
83.2639 3102 2383 843 498 576 485 
83.3139 3102 2387 814 498 576 494 
83.364 3102 2387 814 498 576 494 
83.4141 3102 2384 789 498 576 507 
83.4639 3102 2384 789 498 576 507 
83.514 3102 2377 778 498 576 516 
83.564 3102 2377 778 498 576 516 
83.6138 3102 2354 788 493 578 519 
83.6639 3102 2354 788 493 578 519 
83.714 3102 2335 809 485 580 521 
83.7641 3102 2335 809 485 580 521 
83.8139 3102 2305 849 477 580 523 
83.8639 3102 2305 849 477 580 523 
83.914 3102 2277 917 468 580 524 
83.9641 3102 2277 917 468 580 524 
84.0139 3103 2257 998 460 580 525 
84.0639 3103 2257 998 460 580 525 
84.114 3102 2246 1071 456 580 523 
84.1638 3102 2246 1071 456 580 523 
84.2139 3102 2238 1139 455 580 519 
84.264 3102 2238 1139 455 580 519 
84.314 3102 2229 1197 455 580 512 
84.3638 3102 2229 1197 455 580 512 
84.4139 3102 2222 1244 455 580 507 
84.464 3102 2222 1244 455 580 507 
84.514 3103 2213 1294 455 580 500 
84.5639 3103 2213 1294 455 580 500 
84.6139 3102 2207 1344 455 577 495 
84.664 3102 2207 1344 455 577 495 
84.7141 3102 2204 1382 455 577 492 
84.7639 3102 2204 1382 455 577 492 
84.8139 3102 2203 1419 455 577 489 
84.864 3102 2203 1419 455 577 489 
84.9141 3103 2201 1452 455 577 484 
84.9639 3103 2201 1452 455 577 484 
85.014 3102 2199 1475 455 577 476 
85.064 3102 2199 1475 455 577 476 
85.1141 3102 2199 1487 456 577 466 
85.1639 3102 2199 1487 456 577 466 
85.214 3102 2196 1496 456 577 456 
85.264 3102 2196 1496 456 577 456 
85.3139 3102 2191 1494 456 577 449 
85.3639 3102 2191 1494 456 577 449 
85.414 3103 2187 1488 456 576 442 
85.4641 3103 2187 1488 456 576 442 
85.5139 3102 2185 1481 456 574 439 
85.5639 3102 2185 1481 456 574 439 
85.614 3102 2183 1473 456 567 430 
85.6641 3102 2183 1473 456 567 430 
85.7139 3102 2180 1463 456 563 423 
85.7639 3102 2180 1463 456 563 423 
85.814 3102 2177 1437 456 561 422 
85.8641 3102 2177 1437 456 561 422 
85.9139 3102 2173 1393 456 561 425 
85.964 3102 2173 1393 456 561 425 
86.014 3102 2165 1334 456 561 429 
86.0638 3102 2165 1334 456 561 429 
86.1139 3102 2153 1273 456 561 439 
86.164 3102 2153 1273 456 561 439 
86.2141 3102 2143 1216 455 562 449 
86.2639 3102 2143 1216 455 562 449 
86.3139 3102 2137 1172 455 562 457 
86.364 3102 2137 1172 455 562 457 
86.4141 3102 2135 1138 451 562 466 
86.4639 3102 2135 1138 451 562 466 
86.5139 3102 2135 1119 446 561 475 
86.564 3102 2135 1119 446 561 475 
86.6141 3102 2137 1124 436 562 483 
86.6639 3102 2137 1124 436 562 483 
86.714 3102 2140 1127 428 564 490 
86.764 3102 2140 1127 428 564 490 
86.8138 3102 2144 1119 422 564 496 
86.8639 3102 2144 1119 422 564 496 
86.914 3102 2143 1103 421 563 507 
86.964 3102 2143 1103 421 563 507 
87.0138 3102 2142 1079 419 562 512 
87.0639 3102 2142 1079 419 562 512 
87.114 3102 2143 1052 417 557 515 
87.1641 3102 2143 1052 417 557 515 
87.2139 3102 2144 1031 416 545 513 
87.2639 3102 2144 1031 416 545 513 
87.314 3102 2145 1027 416 523 513 
87.3641 3102 2145 1027 416 523 513 
87.4139 3102 2146 1040 415 499 513 
87.464 3102 2146 1040 415 499 513 
87.514 3102 2147 1068 415 486 513 
87.5641 3102 2147 1068 415 486 513 
87.6139 3103 2152 1100 414 486 512 
87.664 3103 2152 1100 414 486 512 
87.714 3102 2157 1135 414 489 511 
87.7638 3102 2157 1135 414 489 511 
87.8139 3102 2160 1167 414 494 507 
87.864 3102 2160 1167 414 494 507 
87.9141 3102 2163 1194 414 500 500 
87.9639 3102 2163 1194 414 500 500 
88.0139 3102 2165 1224 415 511 495 
88.064 3102 2165 1224 415 511 495 
88.1141 3102 2169 1260 415 521 494 
88.1639 3102 2169 1260 415 521 494 
88.2139 3102 2177 1287 416 532 495 
88.264 3102 2177 1287 416 532 495 
88.3138 3102 2181 1309 418 540 499 
88.3639 3102 2181 1309 418 540 499 
88.414 3103 2182 1337 425 554 507 
88.464 3103 2182 1337 425 554 507 
88.5141 3102 2187 1358 434 574 514 
88.5639 3102 2187 1358 434 574 514 
88.614 3102 2192 1376 447 583 519 
88.664 3102 2192 1376 447 583 519 
88.7139 3102 2201 1378 461 582 519 
88.7639 3102 2201 1378 461 582 519 
88.814 3102 2212 1365 475 580 519 
88.8641 3102 2212 1365 475 580 519 
88.9139 3102 2229 1336 489 575 516 
88.9639 3102 2229 1336 489 575 516 
89.014 3102 2248 1298 498 572 508 
89.0641 3102 2248 1298 498 572 508 
89.1139 3102 2269 1261 506 571 499 
89.164 3102 2269 1261 506 571 499 
89.214 3102 2289 1226 511 571 490 
89.2641 3102 2289 1226 511 571 490 
89.3139 3102 2306 1196 520 571 484 
89.364 3102 2306 1196 520 571 484 
89.414 3102 2323 1169 530 571 478 
89.4639 3102 2323 1169 530 571 478 
89.5139 3102 2338 1147 538 571 471 
89.564 3102 2338 1147 538 571 471 
89.6141 3102 2353 1123 545 569 464 
89.6639 3102 2353 1123 545 569 464 
89.7139 3102 2358 1106 549 556 456 
89.764 3102 2358 1106 549 556 456 
89.8141 3102 2357 1104 549 544 455 
89.8639 3102 2357 1104 549 544 455 
89.9139 3102 2354 1113 549 539 455 
89.964 3102 2354 1113 549 539 455 
90.0141 3102 2351 1126 549 539 455 
90.0639 3102 2351 1126 549 539 455 
90.114 3102 2351 1136 549 539 460 
90.164 3102 2351 1136 549 539 460 
90.2138 3102 2353 1134 549 538 470 
90.2639 3102 2353 1134 549 538 470 
90.314 3102 2354 1127 549 538 477 
90.3641 3102 2354 1127 549 538 477 
90.4139 3102 2356 1122 549 538 484 
90.4639 3102 2356 1122 549 538 484 
90.514 3102 2357 1119 549 538 490 
90.5641 3102 2357 1119 549 538 490 
90.6139 3102 2362 1114 549 538 496 
90.6639 3102 2362 1114 549 538 496 
90.714 3102 2369 1099 549 538 507 
90.7641 3102 2369 1099 549 538 507 
90.8139 3102 2379 1071 549 539 514 
90.864 3102 2379 1071 549 539 514 
90.914 3102 2389 1038 549 539 519 
90.9641 3102 2389 1038 549 539 519 
91.0139 3102 2396 1002 549 539 524 
91.064 3102 2396 1002 549 539 524 
91.114 3102 2399 971 549 539 532 
91.1639 3102 2399 971 549 539 532 
91.2139 3103 2400 946 549 539 535 
91.264 3103 2400 946 549 539 535 
91.3141 3102 2403 922 549 539 535 
91.3639 3102 2403 922 549 539 535 
91.4139 3103 2403 902 550 539 532 
91.464 3103 2403 902 550 539 532 
91.5141 3103 2397 901 549 539 527 
91.5639 3103 2397 901 549 539 527 
91.614 3103 2386 913 549 540 520 
91.664 3103 2386 913 549 540 520 
91.7141 3103 2381 922 549 540 513 
91.7639 3103 2381 922 549 540 513 
91.814 3103 2376 928 548 540 508 
91.864 3103 2376 928 548 540 508 
91.9138 3103 2368 933 548 540 503 
91.9639 3103 2368 933 548 540 503 
92.014 3103 2360 936 548 540 495 
92.0641 3103 2360 936 548 540 495 
92.1139 3103 2356 936 548 540 484 
92.1639 3103 2356 936 548 540 484 
92.214 3103 2352 933 548 540 477 
92.2641 3103 2352 933 548 540 477 
92.3139 3103 2351 927 548 540 473 
92.3639 3103 2351 927 548 540 473 
92.414 3103 2352 921 546 540 467 
92.4641 3103 2352 921 546 540 467 
92.5139 3103 2352 917 545 540 460 
92.564 3103 2352 917 545 540 460 
92.614 3103 2351 914 543 540 452 
92.6638 3103 2351 914 543 540 452 
92.7139 3103 2347 920 538 541 450 
92.764 3103 2347 920 538 541 450 
92.814 3103 2343 923 529 548 455 
92.8639 3103 2343 923 529 548 455 
92.9139 3103 2335 923 515 554 465 
92.964 3103 2335 923 515 554 465 
93.0141 3103 2319 935 493 561 474 
93.0639 3103 2319 935 493 561 474 
93.1139 3104 2307 949 470 562 484 
93.164 3104 2307 949 470 562 484 
93.2141 3104 2294 963 452 562 491 
93.2639 3104 2294 963 452 562 491 
93.314 3107 2278 976 436 563 502 
93.364 3107 2278 976 436 563 502 
93.4138 3107 2261 975 421 561 513 
93.4639 3107 2261 975 421 561 513 
93.514 3104 2239 963 416 555 525 
93.564 3104 2239 963 416 555 525 
93.6139 3104 2221 942 416 548 537 
93.6639 3104 2221 942 416 548 537 
93.714 3103 2201 910 415 538 544 
93.7641 3103 2201 910 415 538 544 
93.8139 3103 2178 873 415 528 545 
93.8639 3103 2178 873 415 528 545 
93.914 3103 2154 841 414 518 544 
93.9641 3103 2154 841 414 518 544 
94.0139 3103 2127 817 413 509 541 
94.0639 3103 2127 817 413 509 541 
94.114 3103 2105 802 409 499 532 
94.1641 3103 2105 802 409 499 532 
94.2139 3103 2091 793 405 487 520 
94.264 3103 2091 793 405 487 520 
94.314 3103 2083 786 401 475 509 
94.3638 3103 2083 786 401 475 509 
94.4139 3103 2077 787 393 458 500 
94.464 3103 2077 787 393 458 500 
94.5141 3103 2069 795 378 447 493 
94.5639 3103 2069 795 378 447 493 
94.6139 3103 2056 809 361 447 485 
94.664 3103 2056 809 361 447 485 
94.7141 3104 2040 830 349 450 481 
94.7639 3104 2040 830 349 450 481 
94.8139 3104 2022 852 340 459 475 
94.864 3104 2022 852 340 459 475 
94.9141 3104 2010 879 335 474 466 
94.9639 3104 2010 879 335 474 466 
95.014 3103 2001 902 335 493 458 
95.064 3103 2001 902 335 493 458 
95.1138 3103 1996 916 335 510 455 
95.1639 3103 1996 916 335 510 455 
95.214 3103 1992 916 335 517 455 
95.264 3103 1992 916 335 517 455 
95.3139 3104 1984 914 335 517 456 
95.3639 3104 1984 914 335 517 456 
95.414 3103 1972 908 335 517 458 
95.4641 3103 1972 908 335 517 458 
95.5139 3103 1964 896 335 514 466 
95.5639 3103 1964 896 335 514 466 
95.614 3103 1956 878 336 514 477 
95.6641 3103 1956 878 336 514 477 
95.7139 3103 1939 860 342 514 491 
95.764 3103 1939 860 342 514 491 
95.814 3103 1928 849 349 517 508 
95.8641 3103 1928 849 349 517 508 
95.9139 3102 1928 843 352 514 522 
95.964 3102 1928 843 352 514 522 
96.014 3102 1928 842 353 517 532 
96.0639 3102 1928 842 353 517 532 
96.1139 3102 1928 844 354 517 537 
96.164 3102 1928 844 354 517 537 
96.2141 3102 1929 851 354 517 539 
96.2639 3102 1929 851 354 517 539 
96.3139 3102 1929 870 354 520 542 
96.364 3102 1929 870 354 520 542 
96.4141 3102 1930 894 354 529 543 
96.4639 3102 1930 894 354 529 543 
96.5139 3102 1930 921 355 543 543 
96.564 3102 1930 921 355 543 543 
96.6141 3102 1930 952 361 562 543 
96.6639 3102 1930 952 361 562 543 
96.714 3102 1930 987 372 575 541 
96.764 3102 1930 987 372 575 541 
96.8138 3102 1930 1024 383 583 535 
96.8639 3102 1930 1024 383 583 535 
96.914 3102 1931 1056 393 586 528 
96.9641 3102 1931 1056 393 586 528 
97.0139 3102 1932 1081 403 587 520 
97.0639 3102 1932 1081 403 587 520 
97.114 3103 1934 1092 411 587 515 
97.1641 3103 1934 1092 411 587 515 
97.2139 3102 1938 1091 416 587 509 
97.2639 3102 1938 1091 416 587 509 
97.314 3102 1941 1083 420 586 505 
97.3641 3102 1941 1083 420 586 505 
97.4139 3102 1949 1064 424 586 497 
97.464 3102 1949 1064 424 586 497 
97.514 3102 1958 1026 428 586 490 
97.5641 3102 1958 1026 428 586 490 
97.6139 3102 1966 977 428 586 485 
97.664 3102 1966 977 428 586 485 
97.714 3102 1978 922 428 586 479 
97.7639 3102 1978 922 428 586 479 
97.8139 3103 1993 867 428 586 473 
97.864 3103 1993 867 428 586 473 
97.9141 3103 2012 820 431 586 466 
97.9639 3103 2012 820 431 586 466 
98.0139 3102 2032 789 440 587 464 
98.064 3102 2032 789 440 587 464 
98.1141 3102 2054 774 451 587 464 
98.1639 3102 2054 774 451 587 464 
98.214 3103 2075 773 464 587 465 
98.264 3103 2075 773 464 587 465 
98.3141 3103 2097 775 474 587 466 
98.3639 3103 2097 775 474 587 466 
98.414 3103 2113 785 479 587 473 
98.464 3103 2113 785 479 587 473 
98.5141 3103 2122 809 479 587 478 
98.5639 3103 2122 809 479 587 478 
98.614 3103 2125 848 478 588 485 
98.6641 3103 2125 848 478 588 485 
98.7139 3103 2134 880 475 588 489 
98.7639 3103 2134 880 475 588 489 
98.814 3103 2147 902 474 588 495 
98.8641 3103 2147 902 474 588 495 
98.9139 3103 2160 913 474 588 503 
98.964 3103 2160 913 474 588 503 
99.014 3103 2173 909 474 587 510 
99.0641 3103 2173 909 474 587 510 
99.1139 3102 2187 898 475 586 516 
99.164 3102 2187 898 475 586 516 
99.214 3102 2193 896 475 586 521 
99.2641 3102 2193 896 475 586 521 
99.3139 3103 2191 912 475 587 527 
99.364 3103 2191 912 475 587 527 
99.414 3103 2187 953 474 587 532 
99.4639 3103 2187 953 474 587 532 
99.5139 3103 2182 1018 469 586 535 
99.564 3103 2182 1018 469 586 535 
99.6141 3103 2182 1093 468 586 537 
99.6639 3103 2182 1093 468 586 537 
99.7139 3102 2190 1138 468 586 538 
99.764 3102 2190 1138 468 586 538 
99.8141 3102 2202 1141 469 585 538 
99.8639 3102 2202 1141 469 585 538 
99.914 3102 2211 1121 471 583 535 
99.964 3102 2211 1121 471 583 535 
100.014 3102 2222 1080 476 583 522 
100.064 3102 2222 1080 476 583 522 
100.114 3102 2238 1035 482 583 508 
100.164 3102 2238 1035 482 583 508 
100.214 3102 2257 994 490 583 498 
100.264 3102 2257 994 490 583 498 
100.314 3102 2278 961 498 583 491 
100.364 3102 2278 961 498 583 491 
100.414 3102 2305 944 502 583 487 
100.464 3102 2305 944 502 583 487 
100.514 3102 2331 948 507 584 485 
100.564 3102 2331 948 507 584 485 
100.614 3102 2353 967 508 587 481 
100.664 3102 2353 967 508 587 481 
100.714 3102 2370 1001 508 588 475 
100.764 3102 2370 1001 508 588 475 
100.814 3102 2387 1035 509 588 471 
100.864 3102 2387 1035 509 588 471 
100.914 3102 2406 1057 510 590 466 
100.964 3102 2406 1057 510 590 466 
101.014 3102 2425 1055 518 587 465 
101.064 3102 2425 1055 518 587 465 
101.114 3102 2440 1047 528 586 460 
101.164 3102 2440 1047 528 586 460 
101.214 3102 2445 1046 532 585 459 
101.264 3102 2445 1046 532 585 459 
101.314 3102 2439 1058 533 585 459 
101.364 3102 2439 1058 533 585 459 
101.414 3102 2423 1088 533 584 462 
101.464 3102 2423 1088 533 584 462 
101.514 3102 2401 1120 533 584 472 
101.564 3102 2401 1120 533 584 472 
101.614 3102 2370 1149 529 584 484 
101.664 3102 2370 1149 529 584 484 
101.714 3102 2340 1170 523 583 495 
101.764 3102 2340 1170 523 583 495 
101.814 3102 2304 1189 514 583 508 
101.864 3102 2304 1189 514 583 508 
101.914 3102 2268 1213 507 583 516 
101.964 3102 2268 1213 507 583 516 
102.014 3102 2238 1253 504 583 523 
102.064 3102 2238 1253 504 583 523 
102.114 3102 2215 1295 504 583 531 
102.164 3102 2215 1295 504 583 531 
102.214 3102 2194 1330 504 583 537 
102.264 3102 2194 1330 504 583 537 
102.314 3102 2176 1356 504 583 542 
102.364 3102 2176 1356 504 583 542 
102.414 3102 2161 1367 504 583 542 
102.464 3102 2161 1367 504 583 542 
102.514 3102 2149 1392 504 583 541 
102.564 3102 2149 1392 504 583 541 
102.614 3102 2138 1438 504 583 536 
102.664 3102 2138 1438 504 583 536 
102.714 3102 2134 1480 504 582 530 
102.764 3102 2134 1480 504 582 530 
102.814 3102 2132 1524 504 581 522 
102.864 3102 2132 1524 504 581 522 
102.914 3102 2132 1562 504 576 515 
102.964 3102 2132 1562 504 576 515 
103.014 3102 2132 1597 504 571 508 
103.064 3102 2132 1597 504 571 508 
103.114 3102 2132 1635 504 565 502 
103.164 3102 2132 1635 504 565 502 
103.214 3102 2132 1674 504 565 494 
103.264 3102 2132 1674 504 565 494 
103.314 3103 2134 1710 504 565 494 
103.364 3103 2134 1710 504 565 494 
103.414 3103 2136 1742 504 564 505 
103.464 3103 2136 1742 504 564 505 
103.514 3103 2135 1770 504 565 517 
103.564 3103 2135 1770 504 565 517 
103.614 3104 2133 1800 504 566 525 
103.664 3104 2133 1800 504 566 525 
103.714 3104 2130 1836 504 566 532 
103.764 3104 2130 1836 504 566 532 
103.814 3104 2127 1875 504 566 538 
103.864 3104 2127 1875 504 566 538 
103.914 3104 2124 1899 504 566 543 
103.964 3104 2124 1899 504 566 543 
104.014 3104 2118 1910 504 566 544 
104.064 3104 2118 1910 504 566 544 
104.114 3105 2111 1909 504 565 551 
104.164 3105 2111 1909 504 565 551 
104.214 3106 2106 1909 504 565 568 
104.264 3106 2106 1909 504 565 568 
104.314 3107 2101 1905 504 565 589 
104.364 3107 2101 1905 504 565 589 
104.414 3107 2094 1899 504 565 589 
104.464 3107 2094 1899 504 565 589 
104.514 3106 2088 1894 504 565 589 
104.564 3106 2088 1894 504 565 589 
104.614 3105 2084 1895 504 565 584 
104.664 3105 2084 1895 504 565 584 
104.714 3106 2084 1895 504 565 577 
104.764 3106 2084 1895 504 565 577 
104.814 3106 2084 1896 504 565 562 
104.864 3106 2084 1896 504 565 562 
104.914 3105 2084 1897 504 565 553 
104.964 3105 2084 1897 504 565 553 
105.014 3106 2084 1897 504 565 550 
105.064 3106 2084 1897 504 565 550 
105.114 3105 2084 1898 504 564 550 
105.164 3105 2084 1898 504 564 550 
105.214 3105 2084 1900 504 564 550 
105.264 3105 2084 1900 504 564 550 
105.314 3104 2084 1903 504 565 550 
105.364 3104 2084 1903 504 565 550 
105.414 3104 2084 1906 504 565 550 
105.464 3104 2084 1906 504 565 550 
105.514 3107 2084 1906 504 564 550 
105.564 3107 2084 1906 504 564 550 
105.614 3111 2084 1906 504 564 549 
105.664 3111 2084 1906 504 564 549 
105.714 3113 2081 1907 504 564 549 
105.764 3113 2081 1907 504 564 549 
105.814 3114 2075 1910 504 564 549 
105.864 3114 2075 1910 504 564 549 
105.914 3113 2069 1911 504 564 549 
105.964 3113 2069 1911 504 564 549 
106.014 3114 2063 1911 504 564 549 
106.064 3114 2063 1911 504 564 549 
106.114 3114 2060 1916 504 564 548 
106.164 3114 2060 1916 504 564 548 
106.214 3114 2058 1921 504 565 548 
106.264 3114 2058 1921 504 565 548 
106.314 3114 2059 1918 504 564 546 
106.364 3114 2059 1918 504 564 546 
106.414 3114 2061 1914 504 564 544 
106.464 3114 2061 1914 504 564 544 
106.514 3114 2062 1913 504 565 543 
106.564 3114 2062 1913 504 565 543 
106.614 3113 2061 1914 504 565 542 
106.664 3113 2061 1914 504 565 542 
106.714 3114 2062 1914 504 564 542 
106.764 3114 2062 1914 504 564 542 
106.814 3114 2062 1913 504 564 542 
106.864 3114 2062 1913 504 564 542 
106.914 3114 2063 1913 504 564 542 
106.964 3114 2063 1913 504 564 542 
107.014 3114 2063 1913 504 564 542 
107.064 3114 2063 1913 504 564 542 
107.114 3114 2063 1914 504 564 542 
107.164 3114 2063 1914 504 564 542 
107.214 3114 2063 1914 504 564 542 
107.264 3114 2063 1914 504 564 542 
107.314 3114 2063 1914 504 564 542 
