1.01083 0 0 0 0 0 0 
1.01083 2997 2053 1708 2141 2267 566 
1.06116 2997 2053 1708 2141 2267 566 
1.11149 2997 2053 1709 2141 2267 564 
1.16182 2997 2053 1709 2141 2267 564 
1.21215 2997 2052 1710 2141 2267 557 
1.26249 2997 2052 1710 2141 2267 557 
1.31282 2997 2053 1704 2141 2266 550 
1.35895 2997 2053 1704 2141 2266 550 
1.40929 2997 2053 1685 2141 2262 544 
1.45962 2997 2053 1685 2141 2262 544 
1.50995 2996 2053 1622 2141 2224 538 
1.56028 2996 2053 1622 2141 2224 538 
1.61061 2997 2048 1540 2139 2140 536 
1.66094 2997 2048 1540 2139 2140 536 
1.71128 2996 2044 1467 2118 2044 534 
1.76161 2996 2044 1467 2118 2044 534 
1.81194 2996 2044 1399 2072 1968 531 
1.86227 2996 2044 1399 2072 1968 531 
1.9126 2996 2048 1333 2028 1918 526 
1.96293 2996 2048 1333 2028 1918 526 
2.00907 2996 2050 1259 2001 1897 522 
2.0594 2996 2050 1259 2001 1897 522 
2.10974 2996 2048 1172 1996 1897 518 
2.16007 2996 2048 1172 1996 1897 518 
2.2104 2995 2043 1084 1993 1897 511 
2.26073 2995 2043 1084 1993 1897 511 
2.31106 2996 2043 1004 1974 1897 504 
2.36139 2996 2043 1004 1974 1897 504 
2.41172 2996 2045 932 1951 1897 495 
2.46206 2996 2045 932 1951 1897 495 
2.51239 2996 2044 859 1929 1895 490 
2.56272 2996 2044 859 1929 1895 490 
2.61305 2996 2043 794 1906 1880 490 
2.65919 2996 2043 794 1906 1880 490 
2.70952 2996 2043 754 1871 1812 490 
2.75985 2996 2043 754 1871 1812 490 
2.81018 2994 2044 753 1839 1657 493 
2.86052 2994 2044 753 1839 1657 493 
2.91085 2995 2044 753 1818 1576 500 
2.96118 2995 2044 753 1818 1576 500 
3.01151 2995 2045 753 1801 1573 512 
3.06184 2995 2045 753 1801 1573 512 
3.11217 2995 2045 753 1799 1574 521 
3.16251 2995 2045 753 1799 1574 521 
3.21284 2994 2045 753 1783 1579 529 
3.25897 2994 2045 753 1783 1579 529 
3.30931 2995 2049 753 1729 1592 534 
3.35964 2995 2049 753 1729 1592 534 
3.40997 2995 2051 753 1655 1606 535 
3.4603 2995 2051 753 1655 1606 535 
3.51063 2995 2051 753 1611 1612 535 
3.56096 2995 2051 753 1611 1612 535 
3.6113 2995 2050 753 1644 1607 532 
3.66163 2995 2050 753 1644 1607 532 
3.71196 2995 2050 753 1729 1595 526 
3.76229 2995 2050 753 1729 1595 526 
3.81262 2995 2050 753 1840 1582 522 
3.86295 2995 2050 753 1840 1582 522 
3.90909 2996 2051 755 1922 1583 518 
3.95942 2996 2051 755 1922 1583 518 
4.00975 2996 2051 759 1872 1589 518 
4.06009 2996 2051 759 1872 1589 518 
4.11042 2996 2050 762 1722 1592 518 
4.16075 2996 2050 762 1722 1592 518 
4.21108 2997 2050 756 1593 1613 518 
4.26141 2997 2050 756 1593 1613 518 
4.31174 2996 2049 756 1469 1619 518 
4.36208 2996 2049 756 1469 1619 518 
4.41241 2996 2049 758 1352 1628 518 
4.46274 2996 2049 758 1352 1628 518 
4.51307 2996 2049 762 1258 1633 520 
4.55921 2996 2049 762 1258 1633 520 
4.60954 2997 2050 768 1181 1633 521 
4.65987 2997 2050 768 1181 1633 521 
4.7102 2997 2050 774 1125 1632 522 
4.76054 2997 2050 774 1125 1632 522 
4.81087 2997 2050 782 1084 1631 524 
4.8612 2997 2050 782 1084 1631 524 
4.91153 2997 2050 790 1061 1633 525 
4.96186 2997 2050 790 1061 1633 525 
5.01219 2998 2050 794 1060 1633 524 
5.06252 2998 2050 794 1060 1633 524 
5.11286 2998 2050 796 1061 1632 518 
5.15899 2998 2050 796 1061 1632 518 
5.20933 2998 2050 798 1065 1629 509 
5.25966 2998 2050 798 1065 1629 509 
5.30999 2998 2050 799 1066 1628 503 
5.36032 2998 2050 799 1066 1628 503 
5.41065 2998 2051 799 1073 1628 502 
5.46098 2998 2051 799 1073 1628 502 
5.51132 2998 2051 799 1098 1631 502 
5.56165 2998 2051 799 1098 1631 502 
5.61198 2997 2051 797 1146 1632 506 
5.66231 2997 2051 797 1146 1632 506 
5.71264 2997 2051 795 1218 1633 511 
5.76297 2997 2051 795 1218 1633 511 
5.80911 2997 2051 795 1299 1631 518 
5.85944 2997 2051 795 1299 1631 518 
5.90977 2998 2051 794 1381 1626 526 
5.96011 2998 2051 794 1381 1626 526 
6.01044 2998 2051 795 1460 1625 533 
6.06077 2998 2051 795 1460 1625 533 
6.1111 2998 2051 798 1523 1625 537 
6.16143 2998 2051 798 1523 1625 537 
6.21176 2998 2051 801 1575 1625 540 
6.2621 2998 2051 801 1575 1625 540 
6.31243 2997 2051 802 1636 1625 540 
6.36276 2997 2051 802 1636 1625 540 
6.4089 2998 2051 807 1706 1626 540 
6.45923 2998 2051 807 1706 1626 540 
6.50956 2998 2051 817 1762 1629 540 
6.55989 2998 2051 817 1762 1629 540 
6.61022 2998 2052 834 1808 1629 540 
6.66055 2998 2052 834 1808 1629 540 
6.71089 2998 2052 853 1851 1630 540 
6.76122 2998 2052 853 1851 1630 540 
6.81155 2998 2052 862 1882 1630 540 
6.86188 2998 2052 862 1882 1630 540 
6.91221 2998 2052 861 1890 1630 540 
6.96254 2998 2052 861 1890 1630 540 
7.01288 2998 2052 860 1890 1630 540 
7.05901 2998 2052 860 1890 1630 540 
7.10935 2998 2052 862 1890 1630 540 
7.15968 2998 2052 862 1890 1630 540 
7.21001 2998 2052 861 1884 1631 539 
7.26034 2998 2052 861 1884 1631 539 
7.31067 2998 2053 860 1878 1660 536 
7.361 2998 2053 860 1878 1660 536 
7.41133 2998 2053 855 1874 1740 532 
7.46167 2998 2053 855 1874 1740 532 
7.512 2998 2052 851 1879 1849 523 
7.56233 2998 2052 851 1879 1849 523 
7.61266 2998 2053 850 1883 1940 516 
7.66299 2998 2053 850 1883 1940 516 
7.70913 2997 2053 853 1890 1997 512 
7.75946 2997 2053 853 1890 1997 512 
7.80979 2998 2053 856 1894 2014 511 
7.86013 2998 2053 856 1894 2014 511 
7.91046 2997 2053 847 1894 2009 509 
7.96079 2997 2053 847 1894 2009 509 
8.01112 2997 2052 829 1887 2004 509 
8.06145 2997 2052 829 1887 2004 509 
8.11178 2997 2052 816 1855 2005 510 
8.16212 2997 2052 816 1855 2005 510 
8.21245 2997 2053 813 1792 2005 516 
8.26278 2997 2053 813 1792 2005 516 
8.30892 2997 2052 808 1741 2005 520 
8.35925 2997 2052 808 1741 2005 520 
8.40958 2997 2052 803 1688 2004 524 
8.45991 2997 2052 803 1688 2004 524 
8.51024 2997 2052 804 1628 2004 525 
8.56057 2997 2052 804 1628 2004 525 
8.61091 2997 2052 805 1585 2005 524 
8.66124 2997 2052 805 1585 2005 524 
8.71157 2997 2052 804 1581 2004 522 
8.7619 2997 2052 804 1581 2004 522 
8.81223 2997 2052 802 1596 2004 518 
8.86256 2997 2052 802 1596 2004 518 
8.9129 2997 2052 797 1649 2003 514 
8.95903 2997 2052 797 1649 2003 514 
9.00937 2997 2052 800 1714 2003 508 
9.0597 2997 2052 800 1714 2003 508 
9.11003 2997 2052 813 1744 2004 507 
9.16036 2997 2052 813 1744 2004 507 
9.21069 2997 2052 806 1759 1997 506 
9.26102 2997 2052 806 1759 1997 506 
9.31135 2997 2051 780 1761 1977 506 
9.36169 2997 2051 780 1761 1977 506 
9.41202 2997 2050 767 1723 1966 506 
9.46235 2997 2050 767 1723 1966 506 
9.51268 2997 2051 767 1652 1964 506 
9.56301 2997 2051 767 1652 1964 506 
9.60915 2997 2051 768 1611 1964 506 
9.65948 2997 2051 768 1611 1964 506 
9.70981 2997 2051 771 1617 1964 506 
9.76015 2997 2051 771 1617 1964 506 
9.81048 2997 2053 772 1665 1964 507 
9.86081 2997 2053 772 1665 1964 507 
9.91114 2997 2052 768 1743 1964 507 
9.96147 2997 2052 768 1743 1964 507 
10.0118 2997 2053 768 1826 1964 509 
10.0621 2997 2053 768 1826 1964 509 
10.1125 2997 2052 775 1906 1969 516 
10.1628 2997 2052 775 1906 1969 516 
10.2089 2997 2053 784 1951 1969 520 
10.2593 2997 2053 784 1951 1969 520 
10.3096 2997 2053 784 1962 1965 524 
10.3599 2997 2053 784 1962 1965 524 
10.4103 2997 2053 784 1962 1965 528 
10.4606 2997 2053 784 1962 1965 528 
10.5109 2997 2053 781 1961 1965 535 
10.5613 2997 2053 781 1961 1965 535 
10.6116 2997 2053 770 1962 1965 538 
10.6619 2997 2053 770 1962 1965 538 
10.7123 2997 2053 754 1960 1963 541 
10.7626 2997 2053 754 1960 1963 541 
10.8129 2996 2052 754 1959 1959 542 
10.8591 2996 2052 754 1959 1959 542 
10.9094 2996 2052 753 1955 1954 543 
10.9597 2996 2052 753 1955 1954 543 
11.01 2996 2053 754 1927 1943 544 
11.0604 2996 2053 754 1927 1943 544 
11.1107 2996 2052 754 1867 1922 544 
11.161 2996 2052 754 1867 1922 544 
11.2114 2996 2052 753 1791 1898 544 
11.2617 2996 2052 753 1791 1898 544 
11.312 2996 2052 753 1736 1861 543 
11.3624 2996 2052 753 1736 1861 543 
11.4127 2996 2052 753 1697 1805 536 
11.463 2996 2052 753 1697 1805 536 
11.5092 2996 2051 753 1658 1748 528 
11.5595 2996 2051 753 1658 1748 528 
11.6098 2997 2050 754 1628 1696 516 
11.6602 2997 2050 754 1628 1696 516 
11.7105 2997 2050 753 1601 1643 507 
11.7608 2997 2050 753 1601 1643 507 
11.8112 2997 2050 754 1561 1616 499 
11.8615 2997 2050 754 1561 1616 499 
11.9118 2998 2051 754 1532 1618 494 
11.9622 2998 2051 754 1532 1618 494 
12.0125 2998 2051 754 1521 1618 490 
12.0628 2998 2051 754 1521 1618 490 
12.109 2998 2051 754 1520 1618 486 
12.1593 2998 2051 754 1520 1618 486 
12.2096 2998 2050 754 1520 1618 484 
12.26 2998 2050 754 1520 1618 484 
12.3103 2998 2050 754 1520 1618 483 
12.3606 2998 2050 754 1520 1618 483 
12.4109 2998 2051 754 1523 1618 483 
12.4613 2998 2051 754 1523 1618 483 
12.5116 2998 2051 755 1528 1618 483 
12.5619 2998 2051 755 1528 1618 483 
12.6123 2998 2051 755 1553 1619 487 
12.6626 2998 2051 755 1553 1619 487 
12.7129 2998 2051 754 1593 1620 494 
12.7591 2998 2051 754 1593 1620 494 
12.8094 2997 2050 755 1636 1629 507 
12.8597 2997 2050 755 1636 1629 507 
12.9101 2998 2050 754 1676 1650 519 
12.9604 2998 2050 754 1676 1650 519 
13.0107 2997 2051 755 1720 1675 532 
13.0611 2997 2051 755 1720 1675 532 
13.1114 2997 2051 755 1763 1694 541 
13.1617 2997 2051 755 1763 1694 541 
13.2121 2997 2050 756 1806 1714 544 
13.2624 2997 2050 756 1806 1714 544 
13.3127 2997 2051 756 1850 1735 544 
13.3631 2997 2051 756 1850 1735 544 
13.4092 2997 2051 756 1905 1756 544 
13.4595 2997 2051 756 1905 1756 544 
13.5099 2997 2051 760 1947 1778 541 
13.5602 2997 2051 760 1947 1778 541 
13.6105 2997 2052 766 1965 1809 535 
13.6608 2997 2052 766 1965 1809 535 
13.7112 2997 2053 770 1976 1840 523 
13.7615 2997 2053 770 1976 1840 523 
13.8118 2997 2053 770 1993 1861 513 
13.8622 2997 2053 770 1993 1861 513 
13.9125 2997 2053 772 2003 1885 507 
13.9628 2997 2053 772 2003 1885 507 
14.009 2997 2053 774 2006 1907 502 
14.0593 2997 2053 774 2006 1907 502 
14.1096 2997 2053 779 2005 1943 495 
14.16 2997 2053 779 2005 1943 495 
14.2103 2997 2053 782 2005 2011 490 
14.2606 2997 2053 782 2005 2011 490 
14.311 2997 2053 782 2004 2100 486 
14.3613 2997 2053 782 2004 2100 486 
14.4116 2997 2053 782 2003 2174 484 
14.462 2997 2053 782 2003 2174 484 
14.5123 2997 2053 782 2000 2211 483 
14.5626 2997 2053 782 2000 2211 483 
14.613 2997 2053 789 1999 2215 483 
14.6591 2997 2053 789 1999 2215 483 
14.7094 2997 2053 799 2000 2215 483 
14.7598 2997 2053 799 2000 2215 483 
14.8101 2997 2053 807 2000 2215 481 
14.8604 2997 2053 807 2000 2215 481 
14.9108 2997 2053 809 1999 2215 480 
14.9611 2997 2053 809 1999 2215 480 
15.0114 2997 2053 809 1999 2215 478 
15.0617 2997 2053 809 1999 2215 478 
15.1121 2997 2053 809 1998 2215 478 
15.1624 2997 2053 809 1998 2215 478 
15.2127 2997 2053 809 1998 2215 478 
15.2589 2997 2053 809 1998 2215 478 
15.3092 2997 2053 808 1998 2215 478 
15.3595 2997 2053 808 1998 2215 478 
15.4099 2997 2053 806 1998 2215 477 
15.4602 2997 2053 806 1998 2215 477 
15.5105 2997 2053 805 1998 2215 475 
15.5609 2997 2053 805 1998 2215 475 
15.6112 2997 2053 803 1998 2211 472 
15.6615 2997 2053 803 1998 2211 472 
15.7119 2997 2053 803 1998 2211 470 
15.7622 2997 2053 803 1998 2211 470 
15.8125 2997 2053 802 1993 2211 468 
15.8629 2997 2053 802 1993 2211 468 
15.909 2997 2053 801 1973 2210 466 
15.9593 2997 2053 801 1973 2210 466 
16.0097 2997 2053 798 1944 2210 466 
16.06 2997 2053 798 1944 2210 466 
16.1103 2997 2053 794 1909 2210 466 
16.1607 2997 2053 794 1909 2210 466 
16.211 2997 2053 793 1872 2210 466 
16.2613 2997 2053 793 1872 2210 466 
16.3116 2997 2053 796 1842 2214 466 
16.362 2997 2053 796 1842 2214 466 
16.4123 2997 2053 799 1832 2215 468 
16.4626 2997 2053 799 1832 2215 468 
16.513 2997 2053 800 1840 2215 472 
16.5591 2997 2053 800 1840 2215 472 
16.6094 2997 2053 798 1859 2215 478 
16.6598 2997 2053 798 1859 2215 478 
16.7101 2997 2053 798 1884 2214 487 
16.7604 2997 2053 798 1884 2214 487 
16.8108 2997 2053 798 1906 2215 495 
16.8611 2997 2053 798 1906 2215 495 
16.9114 2997 2053 800 1928 2215 507 
16.9618 2997 2053 800 1928 2215 507 
17.0121 2997 2053 803 1937 2215 516 
17.0624 2997 2053 803 1937 2215 516 
17.1128 2997 2055 805 1940 2215 522 
17.1589 2997 2055 805 1940 2215 522 
17.2092 2997 2055 807 1944 2215 528 
17.2596 2997 2055 807 1944 2215 528 
17.3099 2997 2054 807 1947 2215 534 
17.3602 2997 2054 807 1947 2215 534 
17.4106 2997 2054 808 1947 2215 537 
17.4609 2997 2054 808 1947 2215 537 
17.5112 2997 2055 809 1947 2215 541 
17.5616 2997 2055 809 1947 2215 541 
17.6119 2997 2054 810 1947 2215 542 
17.6622 2997 2054 810 1947 2215 542 
17.7125 2997 2055 810 1947 2215 541 
17.7629 2997 2055 810 1947 2215 541 
17.809 2997 2054 811 1947 2215 536 
17.8593 2997 2054 811 1947 2215 536 
17.9097 2997 2055 810 1947 2215 529 
17.96 2997 2055 810 1947 2215 529 
18.0103 2997 2054 810 1945 2215 517 
18.0607 2997 2054 810 1945 2215 517 
18.111 2997 2054 805 1942 2210 507 
18.1613 2997 2054 805 1942 2210 507 
18.2117 2997 2054 801 1939 2210 499 
18.262 2997 2054 801 1939 2210 499 
18.3123 2997 2054 799 1923 2210 494 
18.3627 2997 2054 799 1923 2210 494 
18.413 2997 2054 799 1906 2210 490 
18.4591 2997 2054 799 1906 2210 490 
18.5095 2997 2054 799 1892 2210 488 
18.5598 2997 2054 799 1892 2210 488 
18.6101 2997 2054 800 1871 2210 487 
18.6605 2997 2054 800 1871 2210 487 
18.7108 2997 2054 800 1848 2210 487 
18.7611 2997 2054 800 1848 2210 487 
18.8115 2997 2054 799 1838 2210 487 
18.8618 2997 2054 799 1838 2210 487 
18.9121 2997 2054 801 1826 2210 487 
18.9624 2997 2054 801 1826 2210 487 
19.0128 2997 2054 816 1783 2219 487 
19.0589 2997 2054 816 1783 2219 487 
19.1092 2998 2054 844 1725 2225 487 
19.1596 2998 2054 844 1725 2225 487 
19.2099 2998 2054 864 1679 2246 487 
19.2602 2998 2054 864 1679 2246 487 
19.3106 2998 2054 876 1651 2295 487 
19.3609 2998 2054 876 1651 2295 487 
19.4112 2998 2054 887 1634 2367 489 
19.4616 2998 2054 887 1634 2367 489 
19.5119 2998 2055 905 1630 2451 494 
19.5622 2998 2055 905 1630 2451 494 
19.6126 2998 2054 911 1635 2516 502 
19.6629 2998 2054 911 1635 2516 502 
19.709 2998 2054 904 1636 2534 508 
19.7594 2998 2054 904 1636 2534 508 
19.8097 2997 2054 888 1640 2533 512 
19.86 2997 2054 888 1640 2533 512 
19.9104 2997 2053 864 1659 2529 516 
19.9607 2997 2053 864 1659 2529 516 
20.011 2997 2053 851 1679 2508 518 
20.0614 2997 2053 851 1679 2508 518 
20.1117 2997 2053 846 1690 2467 523 
20.162 2997 2053 846 1690 2467 523 
20.2124 2997 2053 846 1695 2393 528 
20.2627 2997 2053 846 1695 2393 528 
20.313 2997 2053 846 1695 2315 534 
20.3592 2997 2053 846 1695 2315 534 
20.4095 2997 2053 846 1696 2249 538 
20.4598 2997 2053 846 1696 2249 538 
20.5101 2997 2053 846 1693 2209 542 
20.5605 2997 2053 846 1693 2209 542 
20.6108 2997 2053 842 1685 2197 543 
20.6611 2997 2053 842 1685 2197 543 
20.7115 2997 2052 834 1661 2196 544 
20.7618 2997 2052 834 1661 2196 544 
20.8121 2997 2052 822 1628 2196 544 
20.8625 2997 2052 822 1628 2196 544 
20.9128 2997 2051 813 1588 2196 543 
20.9589 2997 2051 813 1588 2196 543 
21.0093 2997 2050 815 1537 2196 541 
21.0596 2997 2050 815 1537 2196 541 
21.1099 2997 2051 814 1516 2196 536 
21.1603 2997 2051 814 1516 2196 536 
21.2106 2997 2050 812 1519 2196 528 
21.2609 2997 2050 812 1519 2196 528 
21.3113 2997 2050 812 1540 2196 518 
21.3616 2997 2050 812 1540 2196 518 
21.4119 2997 2050 812 1584 2196 510 
21.4623 2997 2050 812 1584 2196 510 
21.5126 2997 2050 812 1642 2196 503 
21.5629 2997 2050 812 1642 2196 503 
21.6091 2997 2050 811 1702 2196 498 
21.6594 2997 2050 811 1702 2196 498 
21.7097 2997 2051 811 1755 2196 494 
21.76 2997 2051 811 1755 2196 494 
21.8104 2997 2050 810 1799 2196 491 
21.8607 2997 2050 810 1799 2196 491 
21.911 2997 2051 809 1841 2195 490 
21.9614 2997 2051 809 1841 2195 490 
22.0117 2997 2050 808 1872 2196 490 
22.062 2997 2050 808 1872 2196 490 
22.1124 2997 2051 805 1883 2196 490 
22.1627 2997 2051 805 1883 2196 490 
22.213 2997 2051 802 1883 2196 490 
22.2592 2997 2051 802 1883 2196 490 
22.3095 2997 2050 802 1879 2196 490 
22.3598 2997 2050 802 1879 2196 490 
22.4102 2997 2051 802 1878 2196 491 
22.4605 2997 2051 802 1878 2196 491 
22.5108 2997 2050 802 1878 2196 497 
22.5612 2997 2050 802 1878 2196 497 
22.6115 2997 2050 796 1876 2196 509 
22.6618 2997 2050 796 1876 2196 509 
22.7122 2996 2051 779 1872 2195 519 
22.7625 2996 2051 779 1872 2195 519 
22.8128 2996 2048 753 1864 2185 528 
22.859 2996 2048 753 1864 2185 528 
22.9093 2995 2049 753 1853 2114 536 
22.9596 2995 2049 753 1853 2114 536 
23.01 2995 2049 753 1846 1999 541 
23.0603 2995 2049 753 1846 1999 541 
23.1106 2995 2050 753 1823 1867 542 
23.1609 2995 2050 753 1823 1867 542 
23.2113 2995 2050 753 1791 1733 541 
23.2616 2995 2050 753 1791 1733 541 
23.3119 2996 2049 753 1768 1626 541 
23.3623 2996 2049 753 1768 1626 541 
23.4126 2997 2050 753 1754 1585 540 
23.4629 2997 2050 753 1754 1585 540 
23.5091 2997 2050 753 1739 1589 535 
23.5594 2997 2050 753 1739 1589 535 
23.6097 2997 2050 753 1710 1594 528 
23.6601 2997 2050 753 1710 1594 528 
23.7104 2997 2050 753 1665 1604 520 
23.7607 2997 2050 753 1665 1604 520 
23.8111 2997 2050 753 1607 1612 515 
23.8614 2997 2050 753 1607 1612 515 
23.9117 2997 2051 754 1546 1616 508 
23.9621 2997 2051 754 1546 1616 508 
24.0124 2998 2051 758 1479 1619 506 
24.0627 2998 2051 758 1479 1619 506 
24.1131 2998 2051 760 1423 1619 502 
24.1592 2998 2051 760 1423 1619 502 
24.2095 2998 2051 761 1397 1622 499 
24.2599 2998 2051 761 1397 1622 499 
24.3102 2998 2051 760 1393 1623 495 
24.3605 2998 2051 760 1393 1623 495 
24.4108 2997 2051 760 1410 1621 491 
24.4612 2997 2051 760 1410 1621 491 
24.5115 2997 2050 753 1476 1619 487 
24.5618 2997 2050 753 1476 1619 487 
24.6122 2997 2051 753 1563 1618 484 
24.6625 2997 2051 753 1563 1618 484 
24.7128 2997 2051 764 1611 1623 479 
24.759 2997 2051 764 1611 1623 479 
24.8093 2997 2051 772 1611 1623 475 
24.8596 2997 2051 772 1611 1623 475 
24.91 2997 2051 763 1562 1624 473 
24.9603 2997 2051 763 1562 1624 473 
25.0106 2997 2051 757 1463 1623 473 
25.061 2997 2051 757 1463 1623 473 
25.1113 2997 2051 759 1374 1625 473 
25.1616 2997 2051 759 1374 1625 473 
25.212 2997 2052 760 1332 1629 473 
25.2623 2997 2052 760 1332 1629 473 
25.3126 2997 2052 765 1328 1629 473 
25.363 2997 2052 765 1328 1629 473 
25.4091 2998 2052 768 1336 1629 473 
25.4594 2998 2052 768 1336 1629 473 
25.5098 2998 2051 769 1360 1629 473 
25.5601 2998 2051 769 1360 1629 473 
25.6104 2998 2052 770 1414 1630 474 
25.6608 2998 2052 770 1414 1630 474 
25.7111 2998 2052 772 1502 1629 477 
25.7614 2998 2052 772 1502 1629 477 
25.8117 2998 2052 779 1595 1629 483 
25.8621 2998 2052 779 1595 1629 483 
25.9124 2998 2052 788 1677 1629 490 
25.9627 2998 2052 788 1677 1629 490 
26.0089 2997 2052 797 1760 1629 496 
26.0592 2997 2052 797 1760 1629 496 
26.1095 2998 2053 802 1835 1632 504 
26.1599 2998 2053 802 1835 1632 504 
26.2102 2998 2053 807 1899 1640 511 
26.2605 2998 2053 807 1899 1640 511 
26.3109 2997 2053 813 1929 1661 517 
26.3612 2997 2053 813 1929 1661 517 
26.4115 2998 2053 818 1936 1691 522 
26.4619 2998 2053 818 1936 1691 522 
26.5122 2998 2053 820 1927 1758 528 
26.5625 2998 2053 820 1927 1758 528 
26.6129 2997 2052 819 1913 1891 533 
26.659 2997 2052 819 1913 1891 533 
26.7093 2997 2053 812 1913 2031 535 
26.7597 2997 2053 812 1913 2031 535 
26.81 2997 2053 809 1914 2102 535 
26.8603 2997 2053 809 1914 2102 535 
26.9107 2997 2053 814 1913 2110 535 
26.961 2997 2053 814 1913 2110 535 
27.0113 2997 2052 813 1912 2110 533 
27.0616 2997 2052 813 1912 2110 533 
27.112 2997 2053 810 1912 2110 532 
27.1623 2997 2053 810 1912 2110 532 
27.2126 2997 2052 810 1911 2110 532 
27.263 2997 2052 810 1911 2110 532 
27.3091 2997 2052 810 1908 2110 532 
27.3594 2997 2052 810 1908 2110 532 
27.4098 2997 2052 806 1897 2110 531 
27.4601 2997 2052 806 1897 2110 531 
27.5104 2996 2053 794 1863 2109 532 
27.5608 2996 2053 794 1863 2109 532 
27.6111 2996 2052 784 1802 2110 531 
27.6614 2996 2052 784 1802 2110 531 
27.7118 2996 2052 775 1729 2109 531 
27.7621 2996 2052 775 1729 2109 531 
27.8124 2996 2052 774 1667 2109 531 
27.8628 2996 2052 774 1667 2109 531 
27.9131 2996 2052 775 1622 2110 531 
27.9592 2996 2052 775 1622 2110 531 
28.0096 2996 2052 780 1594 2109 528 
28.0599 2996 2052 780 1594 2109 528 
28.1102 2997 2052 781 1583 2109 523 
28.1606 2997 2052 781 1583 2109 523 
28.2109 2997 2052 782 1580 2110 516 
28.2612 2997 2052 782 1580 2110 516 
28.3116 2997 2052 782 1584 2109 511 
28.3619 2997 2052 782 1584 2109 511 
28.4122 2997 2052 777 1602 2109 507 
28.4625 2997 2052 777 1602 2109 507 
28.5129 2997 2052 772 1660 2109 504 
28.559 2997 2052 772 1660 2109 504 
28.6093 2997 2052 771 1739 2109 502 
28.6597 2997 2052 771 1739 2109 502 
28.71 2997 2052 773 1792 2109 499 
28.7603 2997 2052 773 1792 2109 499 
28.8107 2997 2053 777 1827 2109 499 
28.861 2997 2053 777 1827 2109 499 
28.9113 2997 2053 780 1845 2110 502 
28.9617 2997 2053 780 1845 2110 502 
29.012 2997 2052 775 1825 2109 507 
29.0623 2997 2052 775 1825 2109 507 
29.1127 2997 2052 767 1766 2109 511 
29.163 2997 2052 767 1766 2109 511 
29.2091 2996 2052 754 1718 2100 516 
29.2595 2996 2052 754 1718 2100 516 
29.3098 2996 2052 753 1688 2038 521 
29.3601 2996 2052 753 1688 2038 521 
29.4105 2996 2052 754 1645 1928 527 
29.4608 2996 2052 754 1645 1928 527 
29.5111 2997 2052 756 1572 1832 535 
29.5615 2997 2052 756 1572 1832 535 
29.6118 2997 2052 758 1491 1780 540 
29.6621 2997 2052 758 1491 1780 540 
29.7125 2997 2053 760 1422 1770 544 
29.7628 2997 2053 760 1422 1770 544 
29.8089 2998 2053 763 1368 1769 545 
29.8593 2998 2053 763 1368 1769 545 
29.9096 2997 2053 764 1330 1769 545 
29.9599 2997 2053 764 1330 1769 545 
30.0102 2998 2052 770 1299 1769 543 
30.0606 2998 2052 770 1299 1769 543 
30.1109 2998 2053 779 1266 1769 537 
30.1612 2998 2053 779 1266 1769 537 
30.2116 2998 2053 787 1228 1769 530 
30.2619 2998 2053 787 1228 1769 530 
30.3122 2998 2053 788 1194 1769 522 
30.3626 2998 2053 788 1194 1769 522 
30.4129 2997 2052 777 1183 1756 516 
30.459 2997 2052 777 1183 1756 516 
30.5094 2997 2051 759 1197 1730 511 
30.5597 2997 2051 759 1197 1730 511 
30.61 2997 2050 753 1216 1673 507 
30.6604 2997 2050 753 1216 1673 507 
30.7107 2996 2044 753 1238 1634 502 
30.761 2996 2044 753 1238 1634 502 
30.8114 2996 2044 753 1293 1633 498 
30.8617 2996 2044 753 1293 1633 498 
30.912 2996 2044 753 1333 1630 494 
30.9624 2996 2044 753 1333 1630 494 
31.0127 2996 2044 753 1375 1626 490 
31.063 2996 2044 753 1375 1626 490 
31.1092 2996 2045 754 1434 1619 490 
31.1595 2996 2045 754 1434 1619 490 
31.2098 2996 2048 753 1471 1619 490 
31.2601 2996 2048 753 1471 1619 490 
31.3105 2996 2049 754 1474 1619 490 
31.3608 2996 2049 754 1474 1619 490 
31.4111 2997 2050 754 1474 1620 491 
31.4615 2997 2050 754 1474 1620 491 
31.5118 2997 2051 762 1466 1627 494 
31.5621 2997 2051 762 1466 1627 494 
31.6125 2998 2050 771 1425 1657 500 
31.6628 2998 2050 771 1425 1657 500 
31.7089 2998 2051 776 1372 1720 507 
31.7593 2998 2051 776 1372 1720 507 
31.8096 2998 2051 779 1363 1797 515 
31.8599 2998 2051 779 1363 1797 515 
31.9103 2997 2053 782 1400 1869 523 
31.9606 2997 2053 782 1400 1869 523 
32.0109 2997 2053 787 1477 1925 534 
32.0613 2997 2053 787 1477 1925 534 
32.1116 2997 2053 792 1553 1965 543 
32.1619 2997 2053 792 1553 1965 543 
32.2123 2997 2052 799 1637 1984 547 
32.2626 2997 2052 799 1637 1984 547 
32.3129 2998 2052 802 1717 1979 547 
32.3591 2998 2052 802 1717 1979 547 
32.4094 2997 2052 796 1795 1979 548 
32.4597 2997 2052 796 1795 1979 548 
32.5101 2997 2052 803 1841 1985 548 
32.5604 2997 2052 803 1841 1985 548 
32.6107 2998 2053 819 1850 2006 549 
32.661 2998 2053 819 1850 2006 549 
32.7114 2998 2053 819 1856 2046 550 
32.7617 2998 2053 819 1856 2046 550 
32.812 2998 2052 815 1862 2064 550 
32.8624 2998 2052 815 1862 2064 550 
32.9127 2998 2053 815 1862 2063 550 
32.963 2998 2053 815 1862 2063 550 
33.0092 2998 2053 812 1862 2059 549 
33.0595 2998 2053 812 1862 2059 549 
33.1098 2998 2053 802 1869 2058 547 
33.1602 2998 2053 802 1869 2058 547 
33.2105 2998 2052 783 1908 2055 542 
33.2608 2998 2052 783 1908 2055 542 
33.3112 2998 2052 767 1962 2054 533 
33.3615 2998 2052 767 1962 2054 533 
33.4118 2998 2052 767 2011 2054 523 
33.4622 2998 2052 767 2011 2054 523 
33.5125 2997 2052 767 2049 2054 514 
33.5628 2997 2052 767 2049 2054 514 
33.609 2998 2052 762 2057 2048 507 
33.6593 2998 2052 762 2057 2048 507 
33.7096 2997 2052 754 2053 2010 500 
33.76 2997 2052 754 2053 2010 500 
33.8103 2998 2052 754 2053 1924 494 
33.8606 2998 2052 754 2053 1924 494 
33.9109 2997 2052 756 2054 1818 489 
33.9613 2997 2052 756 2054 1818 489 
34.0116 2998 2052 760 2052 1750 487 
34.0619 2998 2052 760 2052 1750 487 
34.1123 2998 2052 761 2048 1749 487 
34.1626 2998 2052 761 2048 1749 487 
34.2129 2998 2052 764 2046 1749 486 
34.2591 2998 2052 764 2046 1749 486 
34.3094 2998 2052 764 2032 1744 486 
34.3597 2998 2052 764 2032 1744 486 
34.4101 2998 2052 762 1990 1743 487 
34.4604 2998 2052 762 1990 1743 487 
34.5107 2998 2052 757 1935 1743 487 
34.5611 2998 2052 757 1935 1743 487 
34.6114 2998 2052 756 1893 1743 489 
34.6617 2998 2052 756 1893 1743 489 
34.7121 2998 2053 761 1861 1743 495 
34.7624 2998 2053 761 1861 1743 495 
34.8127 2998 2053 765 1841 1743 506 
34.8631 2998 2053 765 1841 1743 506 
34.9092 2998 2052 764 1839 1743 513 
34.9595 2998 2052 764 1839 1743 513 
35.0099 2998 2053 764 1849 1744 524 
35.0602 2998 2053 764 1849 1744 524 
35.1105 2998 2052 766 1878 1752 535 
35.1609 2998 2052 766 1878 1752 535 
35.2112 2998 2052 769 1918 1759 543 
35.2615 2998 2052 769 1918 1759 543 
35.3118 2998 2053 778 1952 1778 545 
35.3622 2998 2053 778 1952 1778 545 
35.4125 2998 2053 784 1991 1801 545 
35.4628 2998 2053 784 1991 1801 545 
35.509 2998 2052 789 2020 1808 545 
35.5593 2998 2052 789 2020 1808 545 
35.6096 2998 2053 796 2023 1808 545 
35.66 2998 2053 796 2023 1808 545 
35.7103 2998 2053 806 2019 1813 545 
35.7606 2998 2053 806 2019 1813 545 
35.811 2998 2053 813 2023 1833 545 
35.8613 2998 2053 813 2023 1833 545 
35.9116 2998 2053 815 2031 1880 545 
35.962 2998 2053 815 2031 1880 545 
36.0123 2998 2053 815 2046 1938 545 
36.0626 2998 2053 815 2046 1938 545 
36.113 2998 2053 816 2046 1984 545 
36.1591 2998 2053 816 2046 1984 545 
36.2094 2998 2053 814 2041 2019 540 
36.2598 2998 2053 814 2041 2019 540 
36.3101 2998 2052 809 2041 2054 531 
36.3604 2998 2052 809 2041 2054 531 
36.4108 2997 2052 821 2044 2054 518 
36.4611 2997 2052 821 2044 2054 518 
36.5114 2998 2053 844 2041 2053 502 
36.5617 2998 2053 844 2041 2053 502 
36.6121 2998 2053 887 2040 2056 488 
36.6624 2998 2053 887 2040 2056 488 
36.7127 2998 2053 947 2040 2053 485 
36.7631 2998 2053 947 2040 2053 485 
36.8092 2998 2055 1003 2046 2053 485 
36.8595 2998 2055 1003 2046 2053 485 
36.9099 2998 2055 1039 2046 2053 485 
36.9602 2998 2055 1039 2046 2053 485 
37.0105 2998 2055 1058 2046 2053 485 
37.0609 2998 2055 1058 2046 2053 485 
37.1112 2998 2055 1070 2046 2053 485 
37.1615 2998 2055 1070 2046 2053 485 
37.2119 2998 2055 1075 2047 2048 486 
37.2622 2998 2055 1075 2047 2048 486 
37.3125 2998 2055 1071 2047 2025 488 
37.3629 2998 2055 1071 2047 2025 488 
37.409 2997 2055 1070 2046 1952 491 
37.4593 2997 2055 1070 2046 1952 491 
37.5097 2997 2055 1067 2042 1846 496 
37.56 2997 2055 1067 2042 1846 496 
37.6103 2997 2054 1063 2043 1776 503 
37.6607 2997 2054 1063 2043 1776 503 
37.711 2997 2053 1059 2041 1761 507 
37.7613 2997 2053 1059 2041 1761 507 
37.8116 2996 2054 1058 2041 1760 508 
37.862 2996 2054 1058 2041 1760 508 
37.9123 2996 2053 1057 2041 1760 511 
37.9626 2996 2053 1057 2041 1760 511 
38.013 2996 2053 1048 2034 1759 515 
38.0591 2996 2053 1048 2034 1759 515 
38.1094 2996 2051 1039 2022 1760 517 
38.1598 2996 2051 1039 2022 1760 517 
38.2101 2996 2049 1038 1994 1759 519 
38.2604 2996 2049 1038 1994 1759 519 
38.3108 2997 2047 1048 1948 1766 523 
38.3611 2997 2047 1048 1948 1766 523 
38.4114 2996 2045 1081 1899 1767 527 
38.4618 2996 2045 1081 1899 1767 527 
38.5121 2997 2049 1115 1857 1764 532 
38.5624 2997 2049 1115 1857 1764 532 
38.6128 2997 2051 1148 1822 1763 535 
38.6589 2997 2051 1148 1822 1763 535 
38.7092 2997 2050 1167 1825 1763 535 
38.7596 2997 2050 1167 1825 1763 535 
38.8099 2997 2049 1180 1848 1767 535 
38.8602 2997 2049 1180 1848 1767 535 
38.9106 2997 2050 1192 1894 1767 535 
38.9609 2997 2050 1192 1894 1767 535 
39.0112 2997 2049 1210 1946 1768 533 
39.0616 2997 2049 1210 1946 1768 533 
39.1119 2997 2050 1233 1983 1767 531 
39.1622 2997 2050 1233 1983 1767 531 
39.2125 2996 2050 1257 2014 1768 529 
39.2629 2996 2050 1257 2014 1768 529 
39.309 2997 2051 1273 2037 1767 528 
39.3593 2997 2051 1273 2037 1767 528 
39.4097 2996 2051 1271 2045 1767 525 
39.46 2996 2051 1271 2045 1767 525 
39.5103 2996 2051 1266 2044 1763 523 
39.5607 2996 2051 1266 2044 1763 523 
39.611 2996 2051 1246 2040 1762 522 
39.6613 2996 2051 1246 2040 1762 522 
39.7117 2996 2051 1201 2038 1762 522 
39.762 2996 2051 1201 2038 1762 522 
39.8123 2996 2051 1145 2031 1763 522 
39.8627 2996 2051 1145 2031 1763 522 
39.913 2996 2051 1088 2020 1762 522 
39.9591 2996 2051 1088 2020 1762 522 
40.0095 2996 2050 1034 2002 1763 522 
40.0598 2996 2050 1034 2002 1763 522 
40.1101 2996 2049 987 1967 1762 522 
40.1605 2996 2049 987 1967 1762 522 
40.2108 2996 2049 949 1927 1759 522 
40.2611 2996 2049 949 1927 1759 522 
40.3115 2996 2048 924 1878 1759 522 
40.3618 2996 2048 924 1878 1759 522 
40.4121 2996 2050 910 1817 1758 526 
40.4625 2996 2050 910 1817 1758 526 
40.5128 2996 2048 899 1760 1758 533 
40.5589 2996 2048 899 1760 1758 533 
40.6093 2996 2046 885 1715 1759 540 
40.6596 2996 2046 885 1715 1759 540 
40.7099 2996 2044 866 1667 1758 545 
40.7602 2996 2044 866 1667 1758 545 
40.8106 2996 2044 844 1618 1758 547 
40.8609 2996 2044 844 1618 1758 547 
40.9112 2996 2044 823 1577 1758 547 
40.9616 2996 2044 823 1577 1758 547 
41.0119 2996 2044 810 1537 1758 547 
41.0622 2996 2044 810 1537 1758 547 
41.1126 2996 2044 804 1495 1758 547 
41.1629 2996 2044 804 1495 1758 547 
41.209 2996 2046 807 1454 1758 547 
41.2594 2996 2046 807 1454 1758 547 
41.3097 2996 2046 806 1442 1758 547 
41.36 2996 2046 806 1442 1758 547 
41.4104 2996 2045 797 1459 1752 543 
41.4607 2996 2045 797 1459 1752 543 
41.511 2996 2044 784 1509 1720 534 
41.5614 2996 2044 784 1509 1720 534 
41.6117 2996 2044 780 1576 1674 523 
41.662 2996 2044 780 1576 1674 523 
41.7124 2996 2046 782 1662 1651 516 
41.7627 2996 2046 782 1662 1651 516 
41.813 2996 2048 788 1766 1655 513 
41.8592 2996 2048 788 1766 1655 513 
41.9095 2996 2051 795 1855 1657 511 
41.9598 2996 2051 795 1855 1657 511 
42.0101 2995 2053 799 1904 1659 509 
42.0605 2995 2053 799 1904 1659 509 
42.1108 2995 2053 804 1926 1661 508 
42.1611 2995 2053 804 1926 1661 508 
42.2115 2996 2055 813 1937 1660 507 
42.2618 2996 2055 813 1937 1660 507 
42.3121 2995 2054 817 1929 1660 506 
42.3625 2995 2054 817 1929 1660 506 
42.4128 2996 2052 814 1898 1658 506 
42.4589 2996 2052 814 1898 1658 506 
42.5093 2996 2050 817 1833 1657 506 
42.5596 2996 2050 817 1833 1657 506 
42.6099 2996 2047 818 1771 1657 506 
42.6603 2996 2047 818 1771 1657 506 
42.7106 2996 2044 815 1731 1657 507 
42.7609 2996 2044 815 1731 1657 507 
42.8113 2996 2044 814 1690 1656 508 
42.8616 2996 2044 814 1690 1656 508 
42.9119 2997 2046 819 1672 1656 512 
42.9623 2997 2046 819 1672 1656 512 
43.0126 2997 2049 834 1675 1656 517 
43.0629 2997 2049 834 1675 1656 517 
43.1091 2997 2050 857 1677 1656 523 
43.1594 2997 2050 857 1677 1656 523 
43.2097 2997 2050 880 1682 1656 532 
43.2601 2997 2050 880 1682 1656 532 
43.3104 2997 2050 918 1693 1657 539 
43.3607 2997 2050 918 1693 1657 539 
43.411 2997 2051 984 1705 1660 543 
43.4614 2997 2051 984 1705 1660 543 
43.5117 2997 2051 1071 1728 1660 544 
43.562 2997 2051 1071 1728 1660 544 
43.6124 2997 2050 1171 1755 1661 545 
43.6627 2997 2050 1171 1755 1661 545 
43.713 2997 2050 1290 1784 1662 545 
43.7592 2997 2050 1290 1784 1662 545 
43.8095 2997 2051 1419 1822 1664 545 
43.8598 2997 2051 1419 1822 1664 545 
43.9102 2997 2050 1546 1863 1674 545 
43.9605 2997 2050 1546 1863 1674 545 
44.0108 2997 2050 1663 1910 1696 547 
44.0612 2997 2050 1663 1910 1696 547 
44.1115 2997 2051 1760 1966 1744 548 
44.1618 2997 2051 1760 1966 1744 548 
44.2122 2997 2051 1829 2044 1795 550 
44.2625 2997 2051 1829 2044 1795 550 
44.3128 2997 2049 1869 2100 1844 553 
44.359 2997 2049 1869 2100 1844 553 
44.4093 2997 2050 1889 2111 1892 556 
44.4596 2997 2050 1889 2111 1892 556 
44.51 2997 2050 1904 2110 1936 560 
44.5603 2997 2050 1904 2110 1936 560 
44.6106 2997 2048 1909 2104 1978 561 
44.6609 2997 2048 1909 2104 1978 561 
44.7113 2997 2044 1917 2103 2017 561 
44.7616 2997 2044 1917 2103 2017 561 
44.8119 2998 2044 1917 2102 2048 561 
44.8623 2998 2044 1917 2102 2048 561 
44.9126 2998 2048 1922 2102 2057 561 
44.9629 2998 2048 1922 2102 2057 561 
45.0091 2998 2051 1923 2102 2057 563 
45.0594 2998 2051 1923 2102 2057 563 
45.1097 2998 2049 1922 2102 2057 564 
45.1601 2998 2049 1922 2102 2057 564 
