1.01502 0 0 0 0 0 0 0 
1.01712 3002 2055 1974 517 534 2549 0 
1.06535 3002 2055 1974 517 534 2549 0 
1.11568 3002 2055 1974 517 534 2549 0 
1.16602 3003 2055 1973 517 534 2549 0 
1.21635 3003 2055 1973 517 534 2549 0 
1.26668 3002 2055 1974 517 534 2548 0 
1.31701 3002 2055 1974 517 534 2548 0 
1.36525 3002 2055 1973 517 534 2549 0 
1.41558 3002 2055 1973 517 534 2549 0 
1.46591 3003 2055 1973 517 534 2549 0 
1.51624 3003 2055 1973 517 534 2549 0 
1.56657 3003 2055 1973 517 534 2549 0 
1.6169 3003 2055 1973 517 534 2549 0 
1.66724 3003 2055 1973 517 534 2549 0 
1.71547 3003 2055 1973 517 534 2549 0 
1.7658 3002 2055 1974 517 534 2549 0 
1.81613 3002 2055 1974 517 534 2549 0 
1.86647 3003 2055 1973 517 534 2549 0 
1.9168 3003 2055 1973 517 534 2549 0 
1.96713 3003 2055 1973 517 534 2548 0 
2.01536 3003 2055 1973 517 534 2548 0 
2.06569 3003 2055 1973 517 534 2549 0 
2.11603 3003 2055 1973 517 534 2549 0 
2.16636 3003 2055 1974 517 534 2549 0 
2.21669 3003 2055 1974 517 534 2549 0 
2.26702 3002 2055 1973 517 534 2549 0 
2.31526 3002 2055 1973 517 534 2549 0 
2.36559 3003 2055 1974 517 534 2549 0 
2.41592 3003 2055 1974 517 534 2549 0 
2.46625 3003 2055 1973 517 534 2549 0 
2.51658 3003 2055 1973 517 534 2549 0 
2.56691 3003 2055 1973 517 534 2549 0 
2.61725 3003 2055 1973 517 534 2549 0 
2.66548 3002 2055 1973 517 534 2549 0 
2.71581 3002 2055 1973 517 534 2549 0 
2.76614 3003 2055 1973 517 534 2549 0 
2.81648 3003 2055 1973 517 534 2549 0 
2.86681 3002 2055 1973 517 534 2549 0 
2.91714 3002 2055 1973 517 534 2549 0 
2.96537 3003 2055 1973 517 534 2548 0 
3.0157 3003 2055 1973 517 534 2548 0 
3.06604 3002 2055 1973 517 534 2549 0 
3.11637 3002 2055 1973 517 534 2549 0 
3.1667 3003 2055 1973 517 534 2548 0 
3.21703 3003 2055 1973 517 534 2548 0 
3.26527 3003 2055 1973 517 534 2548 0 
3.3156 3003 2055 1973 517 534 2548 0 
3.36593 3002 2055 1973 517 534 2549 0 
3.41626 3002 2055 1973 517 534 2549 0 
3.46659 3003 2055 1973 517 534 2549 0 
3.51692 3003 2055 1973 517 534 2549 0 
3.56726 3003 2055 1973 517 534 2549 0 
3.61549 3003 2055 1973 517 534 2549 0 
3.66582 3003 2055 1973 517 534 2549 0 
3.71615 3003 2055 1973 517 534 2549 0 
3.76648 3003 2055 1973 517 534 2548 0 
3.81682 3003 2055 1973 517 534 2548 0 
3.86715 3003 2055 1973 517 534 2549 0 
3.91538 3003 2055 1973 517 534 2549 0 
3.96571 3003 2055 1974 517 534 2549 0 
4.01605 3003 2055 1974 517 534 2549 0 
4.06638 3002 2055 1974 517 534 2549 0 
4.11671 3002 2055 1974 517 534 2549 0 
4.16704 3003 2050 1967 517 532 2549 0 
4.21528 3003 2050 1967 517 532 2549 0 
4.26561 3003 2048 1958 517 532 2549 0 
4.31594 3003 2048 1958 517 532 2549 0 
4.36627 3003 2046 1930 517 532 2548 0 
4.4166 3003 2046 1930 517 532 2548 0 
4.46693 3003 2046 1892 518 532 2538 0 
4.51727 3003 2046 1892 518 532 2538 0 
4.5655 3003 2043 1858 518 531 2501 0 
4.61583 3003 2043 1858 518 531 2501 0 
4.66616 3003 2042 1815 518 531 2437 0 
4.7165 3003 2042 1815 518 531 2437 0 
4.76683 3003 2040 1774 518 530 2377 0 
4.81716 3003 2040 1774 518 530 2377 0 
4.86539 3003 2039 1739 518 530 2336 0 
4.91572 3003 2039 1739 518 530 2336 0 
4.96606 3003 2040 1712 515 530 2323 0 
5.01639 3003 2040 1712 515 530 2323 0 
5.06672 3003 2041 1706 515 530 2323 0 
5.11705 3003 2041 1706 515 530 2323 0 
5.16529 3003 2048 1708 518 530 2323 0 
5.21562 3003 2048 1708 518 530 2323 0 
5.26595 3002 2061 1714 519 530 2323 0 
5.31628 3002 2061 1714 519 530 2323 0 
5.36661 3003 2068 1728 519 530 2323 0 
5.41694 3003 2068 1728 519 530 2323 0 
5.46728 3003 2083 1733 519 530 2329 0 
5.51551 3003 2083 1733 519 530 2329 0 
5.56584 3003 2098 1740 519 530 2329 0 
5.61617 3003 2098 1740 519 530 2329 0 
5.6665 3003 2109 1746 518 530 2323 0 
5.71684 3003 2109 1746 518 530 2323 0 
5.76717 3003 2113 1747 517 530 2325 0 
5.8154 3003 2113 1747 517 530 2325 0 
5.86573 3003 2113 1746 513 530 2340 0 
5.91607 3003 2113 1746 513 530 2340 0 
5.9664 3002 2111 1742 513 530 2453 0 
6.01673 3002 2111 1742 513 530 2453 0 
6.06706 3003 2110 1744 513 530 2693 0 
6.1153 3003 2110 1744 513 530 2693 0 
6.16563 3003 2110 1747 515 530 2766 0 
6.21596 3003 2110 1747 515 530 2766 0 
6.26629 3002 2109 1747 518 530 2680 0 
6.31662 3002 2109 1747 518 530 2680 0 
6.36695 3003 2109 1748 520 530 2515 0 
6.41728 3003 2109 1748 520 530 2515 0 
6.46552 3003 2111 1753 519 530 2371 0 
6.51585 3003 2111 1753 519 530 2371 0 
6.56618 3002 2112 1754 519 530 2285 0 
6.61651 3002 2112 1754 519 530 2285 0 
6.66685 3003 2115 1752 519 530 2253 0 
6.71718 3003 2115 1752 519 530 2253 0 
6.76541 3003 2117 1754 519 530 2250 0 
6.81574 3003 2117 1754 519 530 2250 0 
6.86608 3003 2119 1754 519 530 2250 0 
6.91641 3003 2119 1754 519 530 2250 0 
6.96674 3003 2122 1758 519 530 2249 0 
7.01707 3003 2122 1758 519 530 2249 0 
7.06531 3003 2128 1765 519 530 2249 0 
7.11564 3003 2128 1765 519 530 2249 0 
7.16597 3003 2131 1774 519 530 2248 0 
7.2163 3003 2131 1774 519 530 2248 0 
7.26663 3003 2132 1777 518 530 2250 0 
7.31696 3003 2132 1777 518 530 2250 0 
7.36729 3003 2130 1774 515 530 2256 0 
7.41553 3003 2130 1774 515 530 2256 0 
7.46586 3003 2127 1773 515 530 2258 0 
7.51619 3003 2127 1773 515 530 2258 0 
7.56652 3002 2128 1773 517 531 2251 0 
7.61686 3002 2128 1773 517 531 2251 0 
7.66719 3002 2131 1774 517 532 2251 0 
7.71542 3002 2131 1774 517 532 2251 0 
7.76575 3002 2131 1777 518 532 2251 0 
7.81609 3002 2131 1777 518 532 2251 0 
7.86642 3002 2131 1777 518 532 2251 0 
7.91675 3002 2131 1777 518 532 2251 0 
7.96708 3002 2131 1777 518 532 2251 0 
