1.01679 0 0 0 0 0 0 
1.01695 3103 2039 1873 501 575 589 
1.06706 3103 2039 1873 501 575 589 
1.11703 3103 2039 1873 501 575 589 
1.167 3103 2041 1829 498 603 589 
1.21704 3103 2041 1829 498 603 589 
1.26704 3103 2041 1781 497 613 589 
1.31704 3103 2041 1781 497 613 589 
1.36705 3103 2041 1723 497 611 589 
1.41705 3103 2041 1723 497 611 589 
1.46706 3103 2041 1666 497 604 589 
1.51706 3103 2041 1666 497 604 589 
1.56706 3103 2041 1608 497 603 589 
1.61704 3103 2041 1608 497 603 589 
1.66704 3103 2042 1552 497 605 589 
1.71704 3103 2042 1552 497 605 589 
1.76705 3103 2041 1498 497 605 589 
1.81705 3103 2041 1498 497 605 589 
1.86706 3103 2041 1446 496 605 589 
1.91706 3103 2041 1446 496 605 589 
1.96706 3102 2042 1393 493 607 589 
2.01707 3102 2042 1393 493 607 589 
2.06704 3102 2042 1332 490 612 589 
2.11704 3102 2042 1332 490 612 589 
2.16705 3102 2042 1273 483 616 589 
2.21705 3102 2042 1273 483 616 589 
2.26705 3102 2041 1219 477 619 589 
2.31706 3102 2041 1219 477 619 589 
2.36706 3103 2039 1171 465 625 589 
2.41707 3103 2039 1171 465 625 589 
2.46704 3102 2040 1129 451 632 589 
2.51704 3102 2040 1129 451 632 589 
2.56708 3102 2043 1095 436 637 589 
2.61705 3102 2043 1095 436 637 589 
2.66705 3103 2050 1066 423 645 589 
2.71706 3103 2050 1066 423 645 589 
2.76703 3103 2062 1037 414 651 587 
2.81703 3103 2062 1037 414 651 587 
2.86707 3103 2081 999 406 653 582 
2.91704 3103 2081 999 406 653 582 
2.96704 3104 2092 962 396 653 577 
3.01705 3104 2092 962 396 653 577 
3.06705 3104 2095 929 394 653 570 
3.11706 3104 2095 929 394 653 570 
3.16706 3104 2097 896 421 646 560 
3.21706 3104 2097 896 421 646 560 
3.26704 3103 2097 863 461 625 549 
3.31704 3103 2097 863 461 625 549 
3.36704 3104 2097 841 497 588 543 
3.41705 3104 2097 841 497 588 543 
3.46705 3103 2098 830 521 542 538 
3.51706 3103 2098 830 521 542 538 
3.56706 3103 2102 830 531 487 534 
3.61706 3103 2102 830 531 487 534 
3.66707 3104 2112 837 543 431 523 
3.71704 3104 2112 837 543 431 523 
3.76704 3103 2129 854 566 384 512 
3.81705 3103 2129 854 566 384 512 
3.86702 3104 2154 879 581 349 506 
3.91705 3104 2154 879 581 349 506 
3.96706 3110 2172 887 572 349 496 
4.01706 3110 2172 887 572 349 496 
4.06703 3112 2178 890 556 343 484 
4.11704 3112 2178 890 556 343 484 
4.16704 3112 2174 888 530 335 470 
4.21704 3112 2174 888 530 335 470 
4.26705 3112 2163 889 501 335 455 
4.31705 3112 2163 889 501 335 455 
4.36706 3113 2149 895 476 343 445 
4.41703 3113 2149 895 476 343 445 
4.46706 3113 2144 905 448 351 434 
4.51707 3113 2144 905 448 351 434 
4.56704 3113 2143 928 422 357 420 
4.61704 3113 2143 928 422 357 420 
4.66705 3111 2146 950 402 359 411 
4.71705 3111 2146 950 402 359 411 
4.76706 3105 2148 954 397 360 410 
4.81706 3105 2148 954 397 360 410 
4.86706 3103 2158 953 411 358 413 
4.91704 3103 2158 953 411 358 413 
4.96704 3103 2171 953 439 354 425 
5.01708 3103 2171 953 439 354 425 
5.06705 3103 2185 958 473 344 439 
5.11705 3103 2185 958 473 344 439 
5.16705 3104 2202 975 507 337 458 
5.21706 3104 2202 975 507 337 458 
5.26703 3103 2224 1000 540 337 478 
5.31703 3103 2224 1000 540 337 478 
5.36704 3104 2245 1033 561 345 495 
5.41704 3104 2245 1033 561 345 495 
5.46708 3104 2257 1082 581 350 508 
5.51705 3104 2257 1082 581 350 508 
5.56705 3104 2268 1125 588 352 522 
5.61706 3104 2268 1125 588 352 522 
5.66706 3103 2268 1152 581 352 535 
5.71707 3103 2268 1152 581 352 535 
5.76707 3103 2264 1153 557 351 547 
5.81701 3103 2264 1153 557 351 547 
5.86704 3104 2255 1158 518 351 558 
5.91705 3104 2255 1158 518 351 558 
5.96705 3104 2243 1164 474 352 566 
6.01706 3104 2243 1164 474 352 566 
6.06706 3104 2226 1176 429 356 575 
6.11703 3104 2226 1176 429 356 575 
6.16704 3104 2208 1180 388 367 579 
6.21704 3104 2208 1180 388 367 579 
6.26704 3103 2189 1180 352 377 579 
6.31702 3103 2189 1180 352 377 579 
6.36705 3104 2176 1179 314 392 578 
6.41706 3104 2176 1179 314 392 578 
6.46706 3104 2168 1172 274 412 569 
6.51703 3104 2168 1172 274 412 569 
6.56703 3104 2164 1157 227 431 554 
6.61704 3104 2164 1157 227 431 554 
6.66701 3104 2155 1130 181 449 536 
6.71705 3104 2155 1130 181 449 536 
6.76702 3104 2138 1099 139 459 522 
6.81705 3104 2138 1099 139 459 522 
6.86703 3104 2112 1075 111 464 507 
6.91706 3104 2112 1075 111 464 507 
6.96703 3104 2095 1062 100 465 496 
7.0171 3104 2095 1062 100 465 496 
7.06704 3104 2081 1059 100 465 485 
7.11705 3104 2081 1059 100 465 485 
7.16702 3104 2068 1054 100 464 475 
7.21705 3104 2068 1054 100 464 475 
7.26702 3104 2049 1045 100 464 466 
7.31706 3104 2049 1045 100 464 466 
7.36703 3103 2030 1036 100 464 457 
7.41704 3103 2030 1036 100 464 457 
7.46704 3103 2014 1026 100 464 450 
7.51704 3103 2014 1026 100 464 450 
7.56705 3103 2006 1024 100 464 449 
7.61705 3103 2006 1024 100 464 449 
7.66706 3103 2006 1030 99 465 449 
7.71703 3103 2006 1030 99 465 449 
7.76706 3103 2010 1039 99 466 449 
7.81707 3103 2010 1039 99 466 449 
7.86704 3104 2016 1057 99 470 449 
7.91704 3104 2016 1057 99 470 449 
7.96705 3103 2023 1080 100 479 448 
8.01705 3103 2023 1080 100 479 448 
8.06706 3103 2033 1103 105 490 448 
8.11706 3103 2033 1103 105 490 448 
8.16706 3103 2047 1136 118 500 448 
8.21707 3103 2047 1136 118 500 448 
8.26704 3103 2061 1172 140 508 448 
8.31704 3103 2061 1172 140 508 448 
8.36705 3103 2074 1209 174 510 448 
8.41705 3103 2074 1209 174 510 448 
8.46705 3103 2079 1243 216 510 449 
8.51706 3103 2079 1243 216 510 449 
8.56706 3103 2078 1271 266 510 452 
8.61707 3103 2078 1271 266 510 452 
8.66707 3103 2075 1283 314 509 465 
8.71704 3103 2075 1283 314 509 465 
8.76705 3103 2073 1274 357 509 477 
8.81705 3103 2073 1274 357 509 477 
8.86705 3102 2076 1251 393 509 490 
8.91702 3102 2076 1251 393 509 490 
8.96706 3102 2083 1206 422 509 500 
9.01707 3102 2083 1206 422 509 500 
9.06704 3102 2093 1156 445 509 510 
9.11704 3102 2093 1156 445 509 510 
9.16704 3102 2109 1104 463 509 514 
9.21705 3102 2109 1104 463 509 514 
9.26705 3102 2130 1060 479 509 514 
9.31706 3102 2130 1060 479 509 514 
9.36706 3102 2156 1037 495 509 514 
9.41706 3102 2156 1037 495 509 514 
9.46707 3102 2181 1038 508 509 515 
9.51704 3102 2181 1038 508 509 515 
9.56704 3103 2200 1062 518 511 514 
9.61705 3103 2200 1062 518 511 514 
9.66705 3103 2209 1108 525 514 511 
9.71706 3103 2209 1108 525 514 511 
9.76706 3103 2216 1158 530 517 510 
9.81706 3103 2216 1158 530 517 510 
9.86703 3103 2226 1184 533 518 508 
9.91707 3103 2226 1184 533 518 508 
9.96704 3103 2233 1181 534 517 508 
10.017 3103 2233 1181 534 517 508 
10.0671 3102 2240 1151 534 514 506 
10.1171 3102 2240 1151 534 514 506 
10.1671 3102 2241 1097 534 514 497 
10.2171 3102 2241 1097 534 514 497 
10.267 3102 2240 1035 533 514 487 
10.317 3102 2240 1035 533 514 487 
10.367 3102 2239 976 528 515 481 
10.417 3102 2239 976 528 515 481 
10.467 3103 2239 928 520 514 475 
10.5171 3103 2239 928 520 514 475 
10.5671 3102 2237 896 510 514 469 
10.6171 3102 2237 896 510 514 469 
10.6671 3103 2235 878 498 514 460 
10.717 3103 2235 878 498 514 460 
10.767 3102 2231 873 489 514 450 
10.817 3102 2231 873 489 514 450 
10.867 3103 2228 874 480 515 441 
10.917 3103 2228 874 480 515 441 
10.9671 3103 2223 879 474 517 430 
11.0171 3103 2223 879 474 517 430 
11.067 3103 2218 884 468 517 420 
11.1171 3103 2218 884 468 517 420 
11.167 3103 2210 892 464 517 418 
11.217 3103 2210 892 464 517 418 
11.267 3103 2202 902 463 517 419 
11.3171 3103 2202 902 463 517 419 
11.3671 3103 2193 917 463 517 425 
11.4171 3103 2193 917 463 517 425 
11.467 3103 2186 934 463 517 435 
11.5171 3103 2186 934 463 517 435 
11.567 3103 2180 949 463 517 450 
11.6171 3103 2180 949 463 517 450 
11.667 3103 2178 960 463 517 465 
11.717 3103 2178 960 463 517 465 
11.7671 3103 2176 970 463 517 477 
11.817 3103 2176 970 463 517 477 
11.867 3103 2173 979 463 517 490 
11.9171 3103 2173 979 463 517 490 
11.9671 3103 2169 985 462 517 499 
12.017 3103 2169 985 462 517 499 
12.067 3103 2166 989 459 517 508 
12.117 3103 2166 989 459 517 508 
12.1671 3103 2164 993 458 517 516 
12.2171 3103 2164 993 458 517 516 
12.2671 3103 2157 1002 452 517 522 
12.317 3103 2157 1002 452 517 522 
12.367 3103 2145 1015 447 517 526 
12.417 3103 2145 1015 447 517 526 
12.4671 3103 2128 1032 442 517 528 
12.5171 3103 2128 1032 442 517 528 
12.5671 3103 2109 1059 440 517 528 
12.6171 3103 2109 1059 440 517 528 
12.6671 3103 2090 1093 440 517 528 
12.7171 3103 2090 1093 440 517 528 
12.767 3103 2078 1124 438 517 528 
12.817 3103 2078 1124 438 517 528 
12.867 3103 2073 1159 431 519 528 
12.917 3103 2073 1159 431 519 528 
12.9671 3103 2077 1193 406 523 527 
13.0171 3103 2077 1193 406 523 527 
13.0671 3103 2090 1214 372 530 522 
13.1171 3103 2090 1214 372 530 522 
13.1671 3104 2104 1218 330 535 514 
13.217 3104 2104 1218 330 535 514 
13.267 3104 2114 1211 292 534 506 
13.317 3104 2114 1211 292 534 506 
13.3671 3104 2121 1193 251 532 496 
13.4171 3104 2121 1193 251 532 496 
13.4671 3104 2123 1158 217 526 489 
13.5171 3104 2123 1158 217 526 489 
13.5671 3103 2122 1123 192 513 484 
13.617 3103 2122 1123 192 513 484 
13.667 3104 2122 1093 173 493 480 
13.7171 3104 2122 1093 173 493 480 
13.767 3104 2119 1065 167 471 477 
13.817 3104 2119 1065 167 471 477 
13.8671 3103 2116 1039 167 458 475 
13.917 3103 2116 1039 167 458 475 
13.967 3103 2112 1024 169 455 473 
14.0171 3103 2112 1024 169 455 473 
14.0671 3104 2112 1031 180 456 472 
14.117 3104 2112 1031 180 456 472 
14.167 3103 2112 1052 195 463 470 
14.2171 3103 2112 1052 195 463 470 
14.2671 3103 2112 1088 212 474 470 
14.3171 3103 2112 1088 212 474 470 
14.3671 3103 2115 1124 235 489 471 
14.4171 3103 2115 1124 235 489 471 
14.4671 3103 2117 1158 262 500 472 
14.517 3103 2117 1158 262 500 472 
14.567 3104 2120 1188 292 506 475 
14.6171 3104 2120 1188 292 506 475 
14.6671 3103 2125 1213 324 506 481 
14.7171 3103 2125 1213 324 506 481 
14.767 3103 2130 1227 357 506 487 
14.8171 3103 2130 1227 357 506 487 
14.867 3103 2136 1230 385 506 494 
14.917 3103 2136 1230 385 506 494 
14.9671 3103 2143 1224 407 505 503 
15.0171 3103 2143 1224 407 505 503 
15.0671 3103 2153 1213 428 504 508 
15.1171 3103 2153 1213 428 504 508 
15.1671 3103 2167 1188 444 504 512 
15.217 3103 2167 1188 444 504 512 
15.267 3103 2183 1154 459 505 515 
15.317 3103 2183 1154 459 505 515 
15.367 3103 2203 1114 478 506 517 
15.417 3103 2203 1114 478 506 517 
15.4671 3102 2222 1073 498 506 519 
15.5171 3102 2222 1073 498 506 519 
15.5671 3103 2240 1032 518 506 523 
15.6171 3103 2240 1032 518 506 523 
15.6671 3102 2256 1000 536 506 531 
15.7171 3102 2256 1000 536 506 531 
15.767 3103 2267 980 551 506 535 
15.817 3103 2267 980 551 506 535 
15.867 3103 2274 969 564 508 538 
15.917 3103 2274 969 564 508 538 
15.967 3103 2279 976 573 511 539 
16.017 3103 2279 976 573 511 539 
16.067 3102 2276 998 574 519 539 
16.117 3102 2276 998 574 519 539 
16.167 3103 2274 1024 574 525 539 
16.217 3103 2274 1024 574 525 539 
16.2671 3103 2274 1047 574 535 539 
16.3171 3103 2274 1047 574 535 539 
16.3671 3103 2283 1045 575 546 539 
16.4171 3103 2283 1045 575 546 539 
16.4671 3102 2302 1026 576 552 539 
16.5171 3102 2302 1026 576 552 539 
16.567 3102 2323 993 581 555 539 
16.617 3102 2323 993 581 555 539 
16.667 3102 2341 957 588 563 539 
16.717 3102 2341 957 588 563 539 
16.767 3102 2348 924 596 570 539 
16.817 3102 2348 924 596 570 539 
16.867 3102 2348 897 599 575 539 
16.917 3102 2348 897 599 575 539 
16.967 3103 2344 890 599 578 539 
17.017 3103 2344 890 599 578 539 
17.067 3102 2342 893 599 578 539 
17.1171 3102 2342 893 599 578 539 
17.1671 3103 2341 897 599 578 539 
17.2171 3103 2341 897 599 578 539 
17.2671 3103 2338 897 599 578 538 
17.3171 3103 2338 897 599 578 538 
17.3671 3103 2333 897 598 578 538 
17.4171 3103 2333 897 598 578 538 
17.4671 3103 2326 900 597 578 538 
17.517 3103 2326 900 597 578 538 
17.567 3103 2318 904 596 578 538 
17.617 3103 2318 904 596 578 538 
17.667 3103 2309 910 595 578 537 
17.717 3103 2309 910 595 578 537 
17.767 3103 2304 918 594 578 535 
17.817 3103 2304 918 594 578 535 
17.867 3103 2295 935 593 578 529 
17.9171 3103 2295 935 593 578 529 
17.9671 3103 2288 959 590 578 521 
18.0171 3103 2288 959 590 578 521 
18.0671 3103 2284 985 584 577 516 
18.1171 3103 2284 985 584 577 516 
18.1671 3103 2284 1009 581 577 511 
18.2171 3103 2284 1009 581 577 511 
18.2671 3103 2284 1033 577 577 511 
18.317 3103 2284 1033 577 577 511 
18.367 3103 2285 1064 576 577 511 
18.417 3103 2285 1064 576 577 511 
18.467 3103 2285 1100 572 577 511 
18.517 3103 2285 1100 572 577 511 
18.567 3103 2283 1141 564 577 511 
18.617 3103 2283 1141 564 577 511 
18.667 3103 2283 1178 555 577 510 
18.717 3103 2283 1178 555 577 510 
18.7671 3103 2283 1208 546 577 509 
18.8171 3103 2283 1208 546 577 509 
18.8671 3103 2283 1235 535 577 508 
18.9171 3103 2283 1235 535 577 508 
18.9671 3103 2281 1264 522 577 508 
19.0171 3103 2281 1264 522 577 508 
19.0671 3103 2274 1292 504 577 507 
19.117 3103 2274 1292 504 577 507 
19.167 3103 2260 1308 483 577 507 
19.217 3103 2260 1308 483 577 507 
19.267 3103 2238 1303 465 576 499 
19.3171 3103 2238 1303 465 576 499 
19.367 3103 2210 1285 451 575 487 
19.417 3103 2210 1285 451 575 487 
19.467 3103 2187 1244 443 574 473 
19.517 3103 2187 1244 443 574 473 
19.5671 3103 2168 1196 434 574 460 
19.6171 3103 2168 1196 434 574 460 
19.6671 3103 2153 1150 425 574 445 
19.7171 3103 2153 1150 425 574 445 
19.7671 3103 2142 1102 418 574 429 
19.8171 3103 2142 1102 418 574 429 
19.8671 3103 2133 1044 412 574 415 
19.9171 3103 2133 1044 412 574 415 
19.967 3103 2124 983 406 574 410 
20.017 3103 2124 983 406 574 410 
20.067 3103 2114 921 401 574 410 
20.117 3103 2114 921 401 574 410 
20.1671 3103 2109 865 396 573 413 
20.217 3103 2109 865 396 573 413 
20.267 3103 2105 822 392 569 419 
20.317 3103 2105 822 392 569 419 
20.367 3103 2101 793 386 563 433 
20.4171 3103 2101 793 386 563 433 
20.4671 3103 2094 784 372 555 448 
20.5171 3103 2094 784 372 555 448 
20.5671 3103 2088 783 362 544 456 
20.6171 3103 2088 783 362 544 456 
20.6671 3103 2079 789 367 525 462 
20.7171 3103 2079 789 367 525 462 
20.767 3103 2072 787 387 514 467 
20.817 3103 2072 787 387 514 467 
20.867 3103 2064 779 411 511 471 
20.917 3103 2064 779 411 511 471 
20.967 3103 2061 772 430 514 473 
21.017 3103 2061 772 430 514 473 
21.067 3102 2063 773 446 517 474 
21.117 3102 2063 773 446 517 474 
21.167 3102 2065 779 461 522 477 
21.2171 3102 2065 779 461 522 477 
21.2671 3103 2066 787 474 538 481 
21.3171 3103 2066 787 474 538 481 
21.3671 3103 2066 803 481 561 485 
21.4171 3103 2066 803 481 561 485 
21.4671 3103 2067 829 483 574 487 
21.5171 3103 2067 829 483 574 487 
21.5671 3103 2073 861 484 576 488 
21.6171 3103 2073 861 484 576 488 
21.6671 3103 2080 895 485 576 488 
21.717 3103 2080 895 485 576 488 
21.767 3103 2087 920 490 576 488 
21.817 3103 2087 920 490 576 488 
21.867 3103 2094 932 493 576 488 
21.917 3103 2094 932 493 576 488 
21.967 3103 2098 932 493 576 488 
22.017 3103 2098 932 493 576 488 
22.0671 3103 2101 926 493 576 488 
22.1171 3103 2101 926 493 576 488 
22.1671 3103 2105 922 494 576 488 
22.2171 3103 2105 922 494 576 488 
22.2671 3103 2112 929 494 576 488 
22.3171 3103 2112 929 494 576 488 
22.3671 3104 2118 955 493 577 488 
22.4171 3104 2118 955 493 577 488 
22.4671 3104 2126 1012 493 577 489 
22.517 3104 2126 1012 493 577 489 
22.567 3104 2143 1072 493 577 491 
22.617 3104 2143 1072 493 577 491 
22.667 3104 2164 1122 493 576 500 
22.717 3104 2164 1122 493 576 500 
22.767 3104 2183 1157 493 576 514 
22.817 3104 2183 1157 493 576 514 
22.8671 3103 2203 1175 493 575 525 
22.9171 3103 2203 1175 493 575 525 
22.9671 3103 2224 1181 493 575 533 
23.0171 3103 2224 1181 493 575 533 
23.0671 3103 2246 1182 495 575 536 
23.1171 3103 2246 1182 495 575 536 
23.1671 3103 2270 1179 499 575 535 
23.2171 3103 2270 1179 499 575 535 
23.2671 3102 2295 1171 510 575 532 
23.3171 3102 2295 1171 510 575 532 
23.367 3103 2316 1146 530 575 527 
23.417 3103 2316 1146 530 575 527 
23.467 3103 2330 1115 550 575 520 
23.517 3103 2330 1115 550 575 520 
23.567 3102 2336 1083 565 575 516 
23.617 3102 2336 1083 565 575 516 
23.667 3102 2336 1045 576 575 511 
23.7171 3102 2336 1045 576 575 511 
23.7671 3103 2332 1015 584 575 510 
23.8171 3103 2332 1015 584 575 510 
23.8671 3103 2327 1003 585 576 510 
23.9171 3103 2327 1003 585 576 510 
23.9671 3102 2319 1013 585 576 512 
24.0171 3102 2319 1013 585 576 512 
24.0671 3102 2307 1029 585 582 516 
24.117 3102 2307 1029 585 582 516 
24.167 3103 2296 1036 584 594 522 
24.217 3103 2296 1036 584 594 522 
24.267 3102 2279 1028 578 603 528 
24.317 3102 2279 1028 578 603 528 
24.367 3103 2252 1024 577 606 533 
24.417 3103 2252 1024 577 606 533 
24.467 3102 2223 1018 577 607 533 
24.517 3102 2223 1018 577 607 533 
24.5671 3102 2206 983 577 607 528 
24.6171 3102 2206 983 577 607 528 
24.6671 3102 2193 927 577 607 518 
24.7171 3102 2193 927 577 607 518 
24.7671 3103 2186 869 577 607 508 
24.8171 3103 2186 869 577 607 508 
24.8671 3103 2182 826 577 607 498 
24.9171 3103 2182 826 577 607 498 
24.967 3103 2181 808 576 606 489 
25.017 3103 2181 808 576 606 489 
25.067 3102 2177 806 565 606 483 
25.1171 3102 2177 806 565 606 483 
25.1671 3103 2168 824 545 607 478 
25.217 3103 2168 824 545 607 478 
25.267 3103 2161 861 521 607 471 
25.317 3103 2161 861 521 607 471 
25.3671 3103 2158 909 508 607 461 
25.4171 3103 2158 909 508 607 461 
25.4671 3103 2156 967 505 607 452 
25.5171 3103 2156 967 505 607 452 
25.5671 3103 2155 1025 505 607 442 
25.6171 3103 2155 1025 505 607 442 
25.6671 3103 2158 1070 505 607 438 
25.7171 3103 2158 1070 505 607 438 
25.767 3103 2161 1083 505 607 429 
25.817 3103 2161 1083 505 607 429 
25.867 3102 2161 1074 504 605 419 
25.917 3102 2161 1074 504 605 419 
25.967 3103 2154 1070 498 605 415 
26.017 3103 2154 1070 498 605 415 
26.067 3103 2144 1087 484 607 413 
26.117 3103 2144 1087 484 607 413 
26.167 3103 2135 1133 473 607 414 
26.2171 3103 2135 1133 473 607 414 
26.2671 3103 2131 1189 468 607 419 
26.3171 3103 2131 1189 468 607 419 
26.3671 3103 2135 1242 468 607 428 
26.4171 3103 2135 1242 468 607 428 
26.4671 3103 2146 1284 474 606 441 
26.5171 3103 2146 1284 474 606 441 
26.5671 3103 2163 1317 484 606 452 
26.6171 3103 2163 1317 484 606 452 
26.6671 3103 2187 1332 498 606 461 
26.717 3103 2187 1332 498 606 461 
26.767 3103 2218 1331 515 606 471 
26.817 3103 2218 1331 515 606 471 
26.867 3102 2252 1323 534 606 477 
26.917 3102 2252 1323 534 606 477 
26.967 3102 2291 1310 545 607 484 
27.0171 3102 2291 1310 545 607 484 
27.0671 3102 2335 1287 550 607 488 
27.1171 3102 2335 1287 550 607 488 
27.1671 3102 2375 1256 554 607 492 
27.2171 3102 2375 1256 554 607 492 
27.2671 3102 2406 1223 559 607 499 
27.3171 3102 2406 1223 559 607 499 
27.3671 3102 2426 1193 561 607 508 
27.417 3102 2426 1193 561 607 508 
27.467 3102 2430 1168 563 607 516 
27.517 3102 2430 1168 563 607 516 
27.567 3102 2422 1161 563 607 519 
27.617 3102 2422 1161 563 607 519 
27.667 3102 2408 1154 563 606 522 
27.717 3102 2408 1154 563 606 522 
27.767 3102 2388 1150 563 605 523 
27.8171 3102 2388 1150 563 605 523 
27.8671 3102 2363 1137 564 603 523 
27.9171 3102 2363 1137 564 603 523 
27.9671 3102 2341 1093 569 599 523 
28.0171 3102 2341 1093 569 599 523 
28.0671 3102 2321 1023 575 598 522 
28.1171 3102 2321 1023 575 598 522 
28.1671 3102 2310 950 582 598 518 
28.2171 3102 2310 950 582 598 518 
28.2671 3102 2308 889 590 599 512 
28.317 3102 2308 889 590 599 512 
28.367 3102 2312 840 599 598 507 
28.417 3102 2312 840 599 598 507 
28.467 3102 2313 797 606 598 502 
28.517 3102 2313 797 606 598 502 
28.567 3102 2312 754 612 598 498 
28.617 3102 2312 754 612 598 498 
28.6671 3102 2311 752 614 584 494 
28.7171 3102 2311 752 614 584 494 
28.7671 3102 2307 752 614 564 490 
28.8171 3102 2307 752 614 564 490 
28.8671 3103 2303 753 614 552 485 
28.9171 3103 2303 753 614 552 485 
28.9671 3103 2292 759 606 551 484 
29.017 3103 2292 759 606 551 484 
29.067 3103 2282 773 588 550 484 
29.117 3103 2282 773 588 550 484 
29.167 3103 2273 794 566 550 485 
29.217 3103 2273 794 566 550 485 
29.267 3104 2263 825 541 549 489 
29.317 3104 2263 825 541 549 489 
29.367 3104 2252 865 518 549 497 
29.417 3104 2252 865 518 549 497 
29.4671 3104 2238 917 494 549 508 
29.5171 3104 2238 917 494 549 508 
29.5671 3104 2224 964 473 549 517 
29.617 3104 2224 964 473 549 517 
29.6671 3103 2204 977 456 549 523 
29.717 3103 2204 977 456 549 523 
29.767 3103 2181 949 447 544 527 
29.8171 3103 2181 949 447 544 527 
29.8671 3104 2160 903 437 534 528 
29.9171 3104 2160 903 437 534 528 
29.967 3103 2143 870 420 515 530 
30.017 3103 2143 870 420 515 530 
30.067 3103 2138 853 391 489 532 
30.117 3103 2138 853 391 489 532 
30.167 3104 2138 848 358 465 533 
30.217 3104 2138 848 358 465 533 
30.267 3106 2142 849 328 448 532 
30.3171 3106 2142 849 328 448 532 
30.3671 3108 2144 848 300 442 527 
30.4171 3108 2144 848 300 442 527 
30.4671 3111 2144 848 275 439 519 
30.5171 3111 2144 848 275 439 519 
30.5671 3112 2144 849 249 439 513 
30.617 3112 2144 849 249 439 513 
30.6671 3111 2146 850 226 442 506 
30.717 3111 2146 850 226 442 506 
30.7671 3112 2146 853 204 442 493 
30.817 3112 2146 853 204 442 493 
30.867 3113 2146 854 191 445 476 
30.917 3113 2146 854 191 445 476 
30.967 3113 2142 851 188 446 464 
31.017 3113 2142 851 188 446 464 
31.067 3111 2138 849 197 445 449 
31.1171 3111 2138 849 197 445 449 
31.1671 3106 2132 849 216 445 436 
31.2171 3106 2132 849 216 445 436 
31.2671 3106 2127 848 245 445 426 
31.3171 3106 2127 848 245 445 426 
31.3671 3103 2123 846 280 444 418 
31.417 3103 2123 846 280 444 418 
31.4671 3103 2119 835 321 443 418 
31.517 3103 2119 835 321 443 418 
31.5671 3103 2114 817 354 443 421 
31.617 3103 2114 817 354 443 421 
31.6671 3103 2112 798 387 442 427 
31.717 3103 2112 798 387 442 427 
31.767 3103 2112 781 417 439 436 
31.817 3103 2112 781 417 439 436 
31.867 3103 2115 775 445 437 448 
31.917 3103 2115 775 445 437 448 
31.9671 3103 2117 780 474 439 457 
32.0171 3103 2117 780 474 439 457 
32.0671 3103 2117 790 498 447 467 
32.117 3103 2117 790 498 447 467 
32.1671 3104 2118 809 511 466 476 
32.2171 3104 2118 809 511 466 476 
32.267 3103 2119 836 518 502 483 
32.317 3103 2119 836 518 502 483 
32.367 3103 2122 861 518 553 490 
32.4171 3103 2122 861 518 553 490 
32.467 3103 2124 878 518 598 496 
32.517 3103 2124 878 518 598 496 
32.567 3103 2124 891 519 622 503 
32.617 3103 2124 891 519 622 503 
32.667 3103 2124 892 523 623 507 
32.717 3103 2124 892 523 623 507 
32.767 3103 2126 878 525 618 508 
32.8171 3103 2126 878 525 618 508 
32.8671 3103 2132 849 529 611 508 
32.9171 3103 2132 849 529 611 508 
32.9671 3103 2139 815 530 605 508 
33.0171 3103 2139 815 530 605 508 
33.067 3103 2146 778 531 602 508 
33.117 3103 2146 778 531 602 508 
33.1671 3103 2152 752 533 597 508 
33.2171 3103 2152 752 533 597 508 
33.2671 3102 2163 753 534 584 508 
33.317 3102 2163 753 534 584 508 
33.367 3103 2169 754 534 580 508 
33.417 3103 2169 754 534 580 508 
33.4671 3103 2168 760 534 581 509 
33.517 3103 2168 760 534 581 509 
33.567 3103 2167 776 534 582 509 
33.6171 3103 2167 776 534 582 509 
33.6671 3103 2169 794 533 582 509 
33.7171 3103 2169 794 533 582 509 
33.7671 3104 2170 813 533 582 509 
33.8171 3104 2170 813 533 582 509 
33.8671 3104 2169 837 532 582 509 
33.917 3104 2169 837 532 582 509 
33.9671 3103 2169 868 532 582 509 
34.0171 3103 2169 868 532 582 509 
34.0671 3103 2169 907 530 582 509 
34.117 3103 2169 907 530 582 509 
34.167 3103 2169 958 528 582 509 
34.217 3103 2169 958 528 582 509 
34.2671 3103 2172 1011 523 582 509 
34.3171 3103 2172 1011 523 582 509 
34.367 3103 2176 1054 520 582 509 
34.417 3103 2176 1054 520 582 509 
34.4671 3104 2177 1088 518 582 507 
34.5171 3104 2177 1088 518 582 507 
34.5671 3103 2175 1114 517 582 497 
34.6171 3103 2175 1114 517 582 497 
34.6671 3103 2169 1126 509 582 490 
34.7171 3103 2169 1126 509 582 490 
34.7671 3103 2157 1119 502 582 491 
34.817 3103 2157 1119 502 582 491 
34.867 3103 2140 1100 495 581 495 
34.9171 3103 2140 1100 495 581 495 
34.967 3103 2126 1059 485 581 504 
35.017 3103 2126 1059 485 581 504 
35.067 3103 2117 1006 468 581 512 
35.117 3103 2117 1006 468 581 512 
35.167 3103 2113 952 445 575 519 
35.217 3103 2113 952 445 575 519 
35.2671 3103 2114 913 422 563 528 
35.3171 3103 2114 913 422 563 528 
35.3671 3103 2118 895 402 550 535 
35.4171 3103 2118 895 402 550 535 
35.4671 3103 2123 888 380 536 535 
35.5171 3103 2123 888 380 536 535 
35.567 3103 2125 882 361 525 535 
35.617 3103 2125 882 361 525 535 
35.6671 3103 2122 862 354 510 528 
35.7171 3103 2122 862 354 510 528 
35.767 3103 2114 833 353 492 519 
35.817 3103 2114 833 353 492 519 
35.867 3103 2102 805 354 475 511 
35.917 3103 2102 805 354 475 511 
35.967 3103 2094 784 366 470 507 
36.017 3103 2094 784 366 470 507 
36.0671 3103 2094 771 386 470 503 
36.1171 3103 2094 771 386 470 503 
36.1671 3103 2098 771 413 471 498 
36.2171 3103 2098 771 413 471 498 
36.2671 3103 2103 784 444 478 489 
36.3171 3103 2103 784 444 478 489 
36.3671 3103 2109 799 478 495 481 
36.417 3103 2109 799 478 495 481 
36.4671 3103 2113 823 506 524 477 
36.517 3103 2113 823 506 524 477 
36.567 3103 2121 844 522 559 477 
36.617 3103 2121 844 522 559 477 
36.6671 3103 2138 841 534 594 477 
36.717 3103 2138 841 534 594 477 
36.767 3103 2160 826 557 616 481 
36.817 3103 2160 826 557 616 481 
36.867 3103 2193 808 585 624 490 
36.9171 3103 2193 808 585 624 490 
36.9671 3103 2232 790 605 624 502 
37.0171 3103 2232 790 605 624 502 
37.067 3103 2277 776 609 624 517 
37.1171 3103 2277 776 609 624 517 
37.1671 3103 2313 768 609 623 532 
37.2171 3103 2313 768 609 623 532 
37.267 3103 2333 772 611 623 546 
37.317 3103 2333 772 611 623 546 
37.367 3103 2330 787 611 624 556 
37.417 3103 2330 787 611 624 556 
37.467 3103 2315 815 606 625 563 
37.5171 3103 2315 815 606 625 563 
37.567 3103 2293 851 593 625 565 
37.617 3103 2293 851 593 625 565 
37.667 3103 2274 878 574 625 565 
37.717 3103 2274 878 574 625 565 
37.7671 3103 2264 873 563 623 565 
37.8171 3103 2264 873 563 623 565 
37.867 3103 2255 846 563 617 565 
37.9171 3103 2255 846 563 617 565 
37.9671 3103 2253 816 566 614 563 
38.0171 3103 2253 816 566 614 563 
38.0671 3103 2252 790 570 611 562 
38.1171 3103 2252 790 570 611 562 
38.167 3103 2256 778 571 611 560 
38.217 3103 2256 778 571 611 560 
38.267 3103 2258 772 571 611 558 
38.317 3103 2258 772 571 611 558 
38.3671 3103 2261 771 571 611 556 
38.417 3103 2261 771 571 611 556 
38.467 3103 2265 771 571 611 555 
38.517 3103 2265 771 571 611 555 
38.5672 3103 2268 771 572 611 553 
38.6171 3103 2268 771 572 611 553 
38.6671 3103 2270 772 571 611 553 
38.7171 3103 2270 772 571 611 553 
38.7671 3103 2270 775 571 611 553 
38.817 3103 2270 775 571 611 553 
38.8671 3103 2270 777 571 611 553 
38.9171 3103 2270 777 571 611 553 
38.967 3103 2270 779 571 611 553 
39.017 3103 2270 779 571 611 553 
39.067 3103 2269 781 571 611 553 
39.117 3103 2269 781 571 611 553 
39.1671 3103 2268 787 571 611 553 
39.217 3103 2268 787 571 611 553 
39.267 3103 2267 794 571 611 554 
39.317 3103 2267 794 571 611 554 
39.3671 3103 2265 803 570 611 554 
39.4171 3103 2265 803 570 611 554 
39.4671 3103 2264 814 570 611 553 
39.5171 3103 2264 814 570 611 553 
39.5671 3103 2264 829 569 611 553 
39.6171 3103 2264 829 569 611 553 
39.6671 3103 2260 854 566 612 553 
39.7171 3103 2260 854 566 612 553 
39.767 3103 2256 886 560 612 553 
39.8171 3103 2256 886 560 612 553 
39.8671 3103 2250 926 549 611 551 
39.917 3103 2250 926 549 611 551 
39.967 3103 2243 962 532 611 543 
40.017 3103 2243 962 532 611 543 
40.067 3103 2231 994 510 611 527 
40.117 3103 2231 994 510 611 527 
40.167 3103 2209 1013 489 611 509 
40.2171 3103 2209 1013 489 611 509 
40.2671 3103 2181 1013 471 611 494 
40.3171 3103 2181 1013 471 611 494 
40.3671 3103 2149 996 463 611 481 
40.4171 3103 2149 996 463 611 481 
40.4671 3103 2117 955 460 611 470 
40.5171 3103 2117 955 460 611 470 
40.5671 3103 2085 900 459 611 458 
40.617 3103 2085 900 459 611 458 
40.667 3103 2054 839 458 611 451 
40.7171 3103 2054 839 458 611 451 
40.767 3103 2034 772 458 609 452 
40.817 3103 2034 772 458 609 452 
40.867 3101 2020 752 458 594 454 
40.917 3101 2020 752 458 594 454 
40.967 3102 2023 753 467 561 461 
41.017 3102 2023 753 467 561 461 
41.0671 3102 2031 753 475 519 467 
41.1171 3102 2031 753 475 519 467 
41.1671 3102 2037 753 478 480 474 
41.217 3102 2037 753 478 480 474 
41.2671 3103 2046 753 480 454 477 
41.3171 3103 2046 753 480 454 477 
41.367 3103 2058 754 480 439 484 
41.4171 3103 2058 754 480 439 484 
41.4671 3103 2072 760 481 436 490 
41.5171 3103 2072 760 481 436 490 
41.567 3103 2092 763 480 436 498 
41.617 3103 2092 763 480 436 498 
41.667 3104 2111 774 470 436 509 
41.717 3104 2111 774 470 436 509 
41.767 3104 2120 797 448 436 518 
41.817 3104 2120 797 448 436 518 
41.8671 3104 2133 816 422 436 528 
41.9171 3104 2133 816 422 436 528 
41.9671 3104 2142 831 396 436 537 
42.0171 3104 2142 831 396 436 537 
42.0671 3104 2147 846 370 437 545 
42.1171 3104 2147 846 370 437 545 
42.1671 3104 2149 866 351 437 550 
42.2171 3104 2149 866 351 437 550 
42.2671 3104 2149 891 335 439 557 
42.317 3104 2149 891 335 439 557 
42.367 3104 2148 918 322 448 564 
42.417 3104 2148 918 322 448 564 
42.4671 3103 2147 943 315 469 568 
42.517 3103 2147 943 315 469 568 
42.567 3103 2143 957 315 497 569 
42.617 3103 2143 957 315 497 569 
42.667 3103 2137 964 316 530 565 
42.7171 3103 2137 964 316 530 565 
42.7671 3103 2129 970 321 557 556 
42.8171 3103 2129 970 321 557 556 
42.8671 3103 2122 978 328 575 546 
42.9171 3103 2122 978 328 575 546 
42.9671 3103 2115 981 342 582 539 
43.0171 3103 2115 981 342 582 539 
43.0671 3103 2112 975 359 581 535 
43.1171 3103 2112 975 359 581 535 
43.167 3103 2110 971 377 581 535 
43.217 3103 2110 971 377 581 535 
43.267 3103 2112 966 390 581 533 
43.317 3103 2112 966 390 581 533 
43.367 3103 2115 959 402 581 534 
43.417 3103 2115 959 402 581 534 
43.467 3103 2120 949 411 581 535 
43.5171 3103 2120 949 411 581 535 
43.5671 3103 2125 944 416 581 535 
43.6171 3103 2125 944 416 581 535 
43.6671 3103 2131 949 418 581 535 
43.7171 3103 2131 949 418 581 535 
43.7671 3103 2139 955 418 582 535 
43.8171 3103 2139 955 418 582 535 
43.8671 3103 2144 959 418 582 535 
43.917 3103 2144 959 418 582 535 
43.967 3103 2146 961 418 582 535 
44.0171 3103 2146 961 418 582 535 
44.067 3103 2147 961 418 582 535 
44.117 3103 2147 961 418 582 535 
44.167 3103 2150 963 418 582 535 
44.217 3103 2150 963 418 582 535 
44.267 3103 2152 971 418 586 535 
44.317 3103 2152 971 418 586 535 
44.3671 3103 2160 979 425 591 535 
44.4171 3103 2160 979 425 591 535 
44.4671 3103 2166 999 433 597 535 
44.5171 3103 2166 999 433 597 535 
44.5671 3103 2170 1024 442 603 535 
44.6171 3103 2170 1024 442 603 535 
44.6671 3103 2174 1046 451 611 535 
44.7171 3103 2174 1046 451 611 535 
44.767 3103 2178 1054 467 615 535 
44.817 3103 2178 1054 467 615 535 
44.867 3103 2186 1053 484 617 530 
44.917 3103 2186 1053 484 617 530 
44.967 3103 2196 1048 499 617 525 
45.017 3103 2196 1048 499 617 525 
45.067 3102 2213 1043 510 617 518 
45.117 3102 2213 1043 510 617 518 
45.167 3103 2233 1034 522 618 511 
45.2171 3103 2233 1034 522 618 511 
45.2671 3103 2256 1026 531 617 502 
45.3171 3103 2256 1026 531 617 502 
45.3671 3103 2283 1013 541 617 491 
45.4171 3103 2283 1013 541 617 491 
45.467 3103 2304 992 546 617 480 
45.517 3103 2304 992 546 617 480 
45.567 3102 2323 966 551 615 472 
45.6171 3102 2323 966 551 615 472 
45.6671 3102 2338 930 555 615 465 
45.717 3102 2338 930 555 615 465 
45.767 3103 2350 891 561 612 458 
45.817 3103 2350 891 561 612 458 
45.867 3102 2356 852 569 611 451 
45.917 3102 2356 852 569 611 451 
45.967 3103 2359 816 575 605 450 
46.0171 3103 2359 816 575 605 450 
46.0671 3103 2357 789 581 601 451 
46.1171 3103 2357 789 581 601 451 
46.1671 3103 2353 768 583 592 452 
46.2171 3103 2353 768 583 592 452 
46.2671 3103 2344 762 584 584 457 
46.317 3103 2344 762 584 584 457 
46.3671 3103 2337 769 583 583 466 
46.4171 3103 2337 769 583 583 466 
46.4671 3103 2331 784 576 582 474 
46.5171 3103 2331 784 576 582 474 
46.567 3103 2331 782 572 578 480 
46.617 3103 2331 782 572 578 480 
46.667 3103 2326 776 571 564 485 
46.717 3103 2326 776 571 564 485 
46.767 3103 2319 766 572 540 489 
46.8171 3103 2319 766 572 540 489 
46.8671 3103 2316 753 581 512 494 
46.9171 3103 2316 753 581 512 494 
46.9671 3102 2313 753 588 485 503 
47.0171 3102 2313 753 588 485 503 
47.0671 3102 2310 753 594 466 511 
47.1171 3102 2310 753 594 466 511 
47.167 3102 2304 754 596 462 519 
47.2171 3102 2304 754 596 462 519 
47.2671 3103 2297 767 599 464 528 
47.317 3103 2297 767 599 464 528 
47.367 3103 2294 790 599 471 537 
47.417 3103 2294 790 599 471 537 
47.467 3103 2298 802 599 478 544 
47.517 3103 2298 802 599 478 544 
47.567 3103 2301 790 601 477 547 
47.6171 3103 2301 790 601 477 547 
47.6671 3103 2320 764 611 475 549 
47.7171 3103 2320 764 611 475 549 
47.7671 3103 2354 753 625 470 553 
47.8171 3103 2354 753 625 470 553 
47.8671 3103 2385 753 642 463 560 
47.9171 3103 2385 753 642 463 560 
47.9671 3103 2406 753 651 454 568 
48.017 3103 2406 753 651 454 568 
48.067 3103 2415 753 655 442 575 
48.117 3103 2415 753 655 442 575 
48.167 3103 2415 753 655 434 577 
48.2171 3103 2415 753 655 434 577 
48.267 3103 2412 753 653 428 576 
48.317 3103 2412 753 653 428 576 
48.367 3103 2407 754 645 415 576 
48.417 3103 2407 754 645 415 576 
48.467 3104 2392 761 630 402 575 
48.5171 3104 2392 761 630 402 575 
48.5671 3104 2370 779 612 391 572 
48.6171 3104 2370 779 612 391 572 
48.6671 3104 2353 807 593 386 570 
48.7171 3104 2353 807 593 386 570 
48.767 3104 2339 835 574 387 565 
48.8171 3104 2339 835 574 387 565 
48.867 3104 2330 853 552 386 559 
48.917 3104 2330 853 552 386 559 
48.967 3104 2330 854 523 386 550 
49.017 3104 2330 854 523 386 550 
49.067 3103 2331 851 498 385 542 
49.117 3103 2331 851 498 385 542 
49.167 3103 2334 848 490 374 535 
49.217 3103 2334 848 490 374 535 
49.267 3103 2335 848 492 357 527 
49.3171 3103 2335 848 492 357 527 
49.3671 3103 2336 847 508 335 519 
49.417 3103 2336 847 508 335 519 
49.4671 3103 2337 842 523 332 512 
49.5171 3103 2337 842 523 332 512 
49.5671 3103 2337 844 526 332 507 
49.6171 3103 2337 844 526 332 507 
49.667 3104 2336 844 526 332 499 
49.717 3104 2336 844 526 332 499 
49.767 3104 2334 849 522 335 492 
49.817 3104 2334 849 522 335 492 
49.8671 3104 2332 865 508 338 487 
49.917 3104 2332 865 508 338 487 
49.967 3104 2331 891 491 352 484 
50.017 3104 2331 891 491 352 484 
50.067 3103 2331 916 478 377 484 
50.1171 3103 2331 916 478 377 484 
50.1671 3103 2328 939 469 407 484 
50.2171 3103 2328 939 469 407 484 
50.2671 3103 2319 962 468 433 484 
50.317 3103 2319 962 468 433 484 
50.3671 3103 2311 979 468 455 487 
50.4171 3103 2311 979 468 455 487 
50.4671 3103 2308 977 475 477 493 
50.517 3103 2308 977 475 477 493 
50.567 3102 2309 965 493 496 504 
50.617 3102 2309 965 493 496 504 
50.667 3102 2312 935 523 514 516 
50.717 3102 2312 935 523 514 516 
50.767 3102 2314 889 548 539 526 
50.817 3102 2314 889 548 539 526 
50.867 3102 2320 838 561 564 535 
50.917 3102 2320 838 561 564 535 
50.9671 3102 2327 791 569 581 543 
51.0171 3102 2327 791 569 581 543 
51.0671 3102 2333 760 577 582 545 
51.1171 3102 2333 760 577 582 545 
51.1671 3102 2340 753 590 581 547 
51.2171 3102 2340 753 590 581 547 
51.2671 3103 2346 754 592 582 550 
51.3171 3103 2346 754 592 582 550 
51.367 3103 2344 759 592 590 553 
51.4171 3103 2344 759 592 590 553 
51.467 3103 2339 770 590 602 555 
51.517 3103 2339 770 590 602 555 
51.567 3104 2334 790 581 619 556 
51.617 3104 2334 790 581 619 556 
51.667 3103 2330 815 569 633 556 
51.717 3103 2330 815 569 633 556 
51.7671 3103 2322 849 561 635 556 
51.8171 3103 2322 849 561 635 556 
51.8671 3104 2314 881 556 635 556 
51.9171 3104 2314 881 556 635 556 
51.9671 3103 2304 914 552 635 555 
52.0171 3103 2304 914 552 635 555 
52.0671 3103 2299 945 549 635 550 
52.1171 3103 2299 945 549 635 550 
52.167 3103 2294 974 544 635 546 
52.2171 3103 2294 974 544 635 546 
52.267 3103 2288 1003 541 635 542 
52.317 3103 2288 1003 541 635 542 
52.367 3103 2282 1033 535 634 535 
52.417 3103 2282 1033 535 634 535 
52.467 3104 2278 1058 529 634 527 
52.517 3104 2278 1058 529 634 527 
52.567 3103 2274 1076 523 634 522 
52.6171 3103 2274 1076 523 634 522 
52.6671 3103 2270 1089 515 634 519 
52.7171 3103 2270 1089 515 634 519 
52.7671 3103 2263 1090 507 634 519 
52.8171 3103 2263 1090 507 634 519 
52.8671 3103 2251 1089 496 634 519 
52.9171 3103 2251 1089 496 634 519 
52.9671 3103 2237 1083 484 634 519 
53.0171 3103 2237 1083 484 634 519 
53.067 3103 2217 1075 473 634 519 
53.117 3103 2217 1075 473 634 519 
53.167 3103 2199 1050 462 634 520 
53.217 3103 2199 1050 462 634 520 
53.267 3103 2176 1016 454 634 520 
53.317 3103 2176 1016 454 634 520 
53.367 3103 2152 970 448 633 523 
53.417 3103 2152 970 448 633 523 
53.4671 3103 2128 923 445 629 531 
53.5171 3103 2128 923 445 629 531 
53.5671 3103 2112 883 445 618 537 
53.6171 3103 2112 883 445 618 537 
53.6671 3103 2106 852 445 601 543 
53.7171 3103 2106 852 445 601 543 
53.7671 3103 2105 826 445 574 545 
53.817 3103 2105 826 445 574 545 
53.8671 3103 2104 808 442 542 545 
53.917 3103 2104 808 442 542 545 
53.9671 3103 2102 798 429 510 546 
54.017 3103 2102 798 429 510 546 
54.067 3103 2101 794 412 481 548 
54.117 3103 2101 794 412 481 548 
54.167 3103 2101 796 390 462 550 
54.217 3103 2101 796 390 462 550 
54.2671 3104 2101 800 367 456 555 
54.3171 3104 2101 800 367 456 555 
54.3671 3104 2102 805 343 458 560 
54.4171 3104 2102 805 343 458 560 
54.4671 3111 2103 821 325 462 562 
54.5171 3111 2103 821 325 462 562 
54.5671 3112 2104 844 312 471 562 
54.617 3112 2104 844 312 471 562 
54.667 3112 2104 875 306 489 562 
54.7171 3112 2104 875 306 489 562 
54.767 3113 2102 914 306 507 561 
54.8171 3113 2102 914 306 507 561 
54.867 3109 2103 953 309 524 555 
54.917 3109 2103 953 309 524 555 
54.967 3105 2101 993 316 538 546 
55.017 3105 2101 993 316 538 546 
55.0671 3103 2102 1030 331 546 535 
55.1171 3103 2102 1030 331 546 535 
55.1671 3103 2101 1052 353 550 524 
55.2171 3103 2101 1052 353 550 524 
55.2671 3103 2101 1055 376 551 514 
55.3171 3103 2101 1055 376 551 514 
55.3671 3103 2102 1042 400 551 506 
55.4171 3103 2102 1042 400 551 506 
55.467 3103 2105 1015 423 551 498 
55.5171 3103 2105 1015 423 551 498 
55.5671 3103 2108 973 443 551 492 
55.6171 3103 2108 973 443 551 492 
55.667 3103 2112 927 454 551 491 
55.717 3103 2112 927 454 551 491 
55.767 3103 2112 878 459 551 491 
55.817 3103 2112 878 459 551 491 
55.867 3103 2114 829 459 551 493 
55.9171 3103 2114 829 459 551 493 
55.9671 3103 2112 788 459 551 498 
56.0171 3103 2112 788 459 551 498 
56.0671 3103 2111 755 459 551 507 
56.1171 3103 2111 755 459 551 507 
56.1671 3103 2111 752 459 539 512 
56.2171 3103 2111 752 459 539 512 
56.267 3103 2114 753 459 524 519 
56.317 3103 2114 753 459 524 519 
56.3671 3103 2114 753 459 509 528 
56.417 3103 2114 753 459 509 528 
56.467 3103 2110 753 454 495 536 
56.517 3103 2110 753 454 495 536 
56.567 3103 2103 753 440 485 544 
56.617 3103 2103 753 440 485 544 
56.667 3103 2097 752 423 479 545 
56.717 3103 2097 752 423 479 545 
56.7671 3103 2090 753 405 476 547 
56.8171 3103 2090 753 405 476 547 
56.8671 3104 2083 753 388 476 548 
56.9171 3104 2083 753 388 476 548 
56.9671 3105 2074 753 372 476 546 
57.0171 3105 2074 753 372 476 546 
57.0671 3105 2069 754 355 476 538 
57.117 3105 2069 754 355 476 538 
57.1671 3109 2068 757 341 477 525 
57.217 3109 2068 757 341 477 525 
57.267 3113 2068 769 330 479 510 
57.317 3113 2068 769 330 479 510 
57.3671 3113 2067 791 328 482 500 
57.417 3113 2067 791 328 482 500 
57.467 3113 2067 824 328 493 495 
57.517 3113 2067 824 328 493 495 
57.5671 3113 2066 867 336 507 495 
57.6171 3113 2066 867 336 507 495 
57.6671 3108 2066 921 354 524 495 
57.7171 3108 2066 921 354 524 495 
57.7671 3104 2066 972 381 539 494 
57.8171 3104 2066 972 381 539 494 
57.8671 3103 2068 998 413 548 495 
57.917 3103 2068 998 413 548 495 
57.967 3103 2069 1000 442 552 503 
58.017 3103 2069 1000 442 552 503 
58.067 3103 2071 995 464 553 515 
58.117 3103 2071 995 464 553 515 
58.167 3103 2079 987 489 553 525 
58.217 3103 2079 987 489 553 525 
58.267 3103 2088 988 515 553 535 
58.317 3103 2088 988 515 553 535 
58.3671 3103 2097 999 534 555 537 
58.4171 3103 2097 999 534 555 537 
58.4671 3103 2101 1022 545 566 539 
58.5171 3103 2101 1022 545 566 539 
58.5671 3103 2104 1057 552 583 544 
58.6171 3103 2104 1057 552 583 544 
58.6671 3103 2110 1091 557 601 550 
58.7171 3103 2110 1091 557 601 550 
58.767 3103 2120 1106 560 611 558 
58.8171 3103 2120 1106 560 611 558 
58.867 3103 2126 1113 560 611 561 
58.9171 3103 2126 1113 560 611 561 
58.967 3103 2127 1113 560 611 562 
59.017 3103 2127 1113 560 611 562 
59.067 3103 2127 1115 560 611 562 
59.117 3103 2127 1115 560 611 562 
59.167 3103 2126 1126 560 611 562 
59.2171 3103 2126 1126 560 611 562 
59.2671 3103 2124 1157 560 611 563 
59.3171 3103 2124 1157 560 611 563 
59.3671 3103 2123 1199 556 609 565 
59.4171 3103 2123 1199 556 609 565 
59.4671 3103 2123 1246 553 609 565 
59.5171 3103 2123 1246 553 609 565 
59.5671 3103 2122 1290 549 607 569 
59.6171 3103 2122 1290 549 607 569 
59.6671 3103 2119 1330 548 604 576 
59.717 3103 2119 1330 548 604 576 
59.767 3103 2113 1374 546 597 578 
59.8171 3103 2113 1374 546 597 578 
59.867 3103 2107 1418 546 590 583 
59.917 3103 2107 1418 546 590 583 
59.967 3103 2101 1455 546 583 589 
60.017 3103 2101 1455 546 583 589 
60.0671 3103 2097 1495 542 582 589 
60.1171 3103 2097 1495 542 582 589 
60.1671 3103 2095 1538 536 582 588 
60.2171 3103 2095 1538 536 582 588 
60.2671 3103 2094 1579 529 582 588 
60.3171 3103 2094 1579 529 582 588 
60.3671 3103 2093 1623 518 582 588 
60.417 3103 2093 1623 518 582 588 
60.4671 3103 2090 1653 510 582 586 
60.517 3103 2090 1653 510 582 586 
60.567 3103 2086 1674 506 582 588 
60.617 3103 2086 1674 506 582 588 
60.667 3103 2080 1691 506 582 588 
60.717 3103 2080 1691 506 582 588 
60.767 3103 2075 1705 505 582 588 
60.817 3103 2075 1705 505 582 588 
60.8671 3103 2071 1722 505 582 588 
60.9171 3103 2071 1722 505 582 588 
60.9671 3103 2069 1744 505 582 587 
61.0171 3103 2069 1744 505 582 587 
61.0671 3104 2066 1775 505 582 582 
61.117 3104 2066 1775 505 582 582 
61.1671 3104 2064 1800 506 582 576 
61.2171 3104 2064 1800 506 582 576 
61.267 3104 2064 1808 506 582 566 
61.3171 3104 2064 1808 506 582 566 
61.367 3103 2063 1808 505 582 555 
61.417 3103 2063 1808 505 582 555 
61.467 3103 2064 1809 505 582 544 
61.5172 3103 2064 1809 505 582 544 
61.567 3104 2063 1810 505 581 535 
61.617 3104 2063 1810 505 581 535 
61.667 3104 2063 1810 505 581 535 
61.7171 3104 2063 1810 505 581 535 
61.7671 3104 2063 1810 505 581 535 
61.8171 3104 2063 1810 505 581 535 
