1.00873 2960 2062 1922 1956 2120 508 
1.05696 2960 2062 1922 1956 2120 508 
1.1073 2960 2062 1922 1956 2120 508 
1.15763 2959 2061 1922 1956 2120 508 
1.20796 2959 2061 1922 1956 2120 508 
1.25829 2960 2061 1921 1955 2120 508 
1.30862 2960 2061 1921 1955 2120 508 
1.35686 2959 2064 1921 1956 2120 508 
1.40719 2959 2064 1921 1956 2120 508 
1.45752 2959 2065 1921 1956 2120 508 
1.50785 2959 2065 1921 1956 2120 508 
1.55818 2959 2063 1919 1956 2119 508 
1.60852 2959 2063 1919 1956 2119 508 
1.65885 2959 2060 1918 1956 2120 508 
1.70708 2959 2060 1918 1956 2120 508 
1.75741 2959 2058 1918 1955 2120 508 
1.80774 2959 2058 1918 1955 2120 508 
1.85808 2959 2058 1919 1956 2120 508 
1.90841 2959 2058 1919 1956 2120 508 
1.95874 2959 2058 1918 1955 2120 507 
2.00697 2959 2058 1918 1955 2120 507 
2.05731 2959 2055 1917 1955 2119 505 
2.10764 2959 2055 1917 1955 2119 505 
2.15797 2959 2053 1915 1956 2120 499 
2.2083 2959 2053 1915 1956 2120 499 
2.25863 2956 2053 1913 1953 2118 494 
2.30687 2956 2053 1913 1953 2118 494 
2.3572 2950 2052 1894 1954 2116 493 
2.40753 2950 2052 1894 1954 2116 493 
2.45786 2940 2052 1864 1954 2120 493 
2.50819 2940 2052 1864 1954 2120 493 
2.55853 2935 2050 1836 1954 2120 492 
2.60886 2935 2050 1836 1954 2120 492 
2.65709 2925 2048 1809 1954 2120 490 
2.70742 2925 2048 1809 1954 2120 490 
2.75775 2894 2048 1782 1954 2120 488 
2.80809 2894 2048 1782 1954 2120 488 
2.85842 2841 2046 1763 1955 2120 488 
2.90875 2841 2046 1763 1955 2120 488 
2.95698 2764 2043 1754 1955 2120 488 
3.00732 2764 2043 1754 1955 2120 488 
3.05765 2680 2038 1756 1955 2120 488 
3.10798 2680 2038 1756 1955 2120 488 
3.15831 2598 2038 1757 1952 2120 488 
3.20864 2598 2038 1757 1952 2120 488 
3.25688 2526 2037 1751 1952 2120 488 
3.30721 2526 2037 1751 1952 2120 488 
3.35754 2450 2037 1749 1953 2120 488 
3.40787 2450 2037 1749 1953 2120 488 
3.4582 2370 2037 1743 1952 2119 488 
3.50854 2370 2037 1743 1952 2119 488 
3.55887 2298 2038 1728 1952 2117 488 
3.6071 2298 2038 1728 1952 2117 488 
3.65743 2244 2037 1695 1952 2115 488 
3.70776 2244 2037 1695 1952 2115 488 
3.7581 2214 2037 1644 1952 2120 487 
3.80843 2214 2037 1644 1952 2120 487 
3.85876 2205 2036 1583 1951 2120 487 
3.90699 2205 2036 1583 1951 2120 487 
3.95733 2201 2039 1516 1950 2120 487 
4.00766 2201 2039 1516 1950 2120 487 
4.05799 2186 2042 1453 1950 2120 486 
4.10832 2186 2042 1453 1950 2120 486 
4.15865 2154 2044 1399 1950 2120 485 
4.20689 2154 2044 1399 1950 2120 485 
4.25722 2112 2048 1357 1950 2120 483 
4.30755 2112 2048 1357 1950 2120 483 
4.35788 2065 2054 1319 1950 2119 478 
4.40821 2065 2054 1319 1950 2119 478 
4.45855 2026 2064 1294 1953 2116 473 
4.50888 2026 2064 1294 1953 2116 473 
4.55711 1988 2076 1267 1954 2115 466 
4.60744 1988 2076 1267 1954 2115 466 
4.65777 1957 2090 1237 1954 2115 457 
4.70811 1957 2090 1237 1954 2115 457 
4.75844 1939 2104 1202 1954 2114 449 
4.80877 1939 2104 1202 1954 2114 449 
4.857 1928 2115 1165 1954 2115 444 
4.90734 1928 2115 1165 1954 2115 444 
4.95767 1922 2125 1128 1954 2115 442 
5.008 1922 2125 1128 1954 2115 442 
5.05833 1920 2137 1089 1955 2115 442 
5.10866 1920 2137 1089 1955 2115 442 
5.1569 1919 2149 1054 1962 2115 440 
5.20723 1919 2149 1054 1962 2115 440 
5.25756 1916 2169 1024 2003 2114 433 
5.30789 1916 2169 1024 2003 2114 433 
5.35822 1915 2187 1008 2084 2115 422 
5.40856 1915 2187 1008 2084 2115 422 
5.45889 1914 2206 1003 2186 2114 416 
5.50712 1914 2206 1003 2186 2114 416 
5.55745 1914 2231 1002 2280 2116 415 
5.60778 1914 2231 1002 2280 2116 415 
5.65812 1914 2264 1003 2355 2119 414 
5.70845 1914 2264 1003 2355 2119 414 
5.75878 1910 2292 1003 2412 2117 413 
5.80701 1910 2292 1003 2412 2117 413 
5.85735 1902 2304 1001 2456 2115 413 
5.90768 1902 2304 1001 2456 2115 413 
5.95801 1895 2300 994 2452 2114 417 
6.00834 1895 2300 994 2452 2114 417 
6.05867 1892 2289 976 2411 2114 427 
6.10691 1892 2289 976 2411 2114 427 
6.15724 1892 2266 945 2320 2114 439 
6.20757 1892 2266 945 2320 2114 439 
6.2579 1892 2235 917 2200 2113 455 
6.30823 1892 2235 917 2200 2113 455 
6.35856 1892 2197 905 2082 2109 469 
6.4089 1892 2197 905 2082 2109 469 
6.45713 1895 2162 905 1976 2100 477 
6.50746 1895 2162 905 1976 2100 477 
6.55779 1901 2125 912 1875 2088 484 
6.60813 1901 2125 912 1875 2088 484 
6.65846 1916 2100 911 1792 2087 492 
6.70879 1916 2100 911 1792 2087 492 
6.75702 1933 2086 913 1718 2087 508 
6.80736 1933 2086 913 1718 2087 508 
6.85769 1945 2083 918 1644 2087 527 
6.90802 1945 2083 918 1644 2087 527 
6.95835 1946 2088 923 1627 2088 545 
7.00868 1946 2088 923 1627 2088 545 
7.05692 1946 2095 931 1663 2087 555 
7.10725 1946 2095 931 1663 2087 555 
7.15758 1941 2113 935 1754 2088 558 
7.20791 1941 2113 935 1754 2088 558 
7.25824 1930 2136 937 1873 2087 558 
7.30857 1930 2136 937 1873 2087 558 
7.35891 1928 2172 944 1984 2088 559 
7.40714 1928 2172 944 1984 2088 559 
7.45747 1929 2207 964 2081 2092 560 
7.5078 1929 2207 964 2081 2092 560 
7.55814 1928 2233 999 2176 2092 560 
7.60847 1928 2233 999 2176 2092 560 
7.6588 1928 2248 1037 2279 2093 560 
7.70703 1928 2248 1037 2279 2093 560 
7.75737 1928 2258 1073 2375 2093 556 
7.8077 1928 2258 1073 2375 2093 556 
7.85803 1928 2265 1104 2440 2093 547 
7.90836 1928 2265 1104 2440 2093 547 
7.95869 1928 2271 1124 2461 2093 538 
8.00693 1928 2271 1124 2461 2093 538 
8.05726 1927 2270 1130 2452 2093 529 
8.10759 1927 2270 1130 2452 2093 529 
8.15792 1926 2266 1129 2434 2093 519 
8.20825 1926 2266 1129 2434 2093 519 
8.25858 1922 2258 1122 2394 2092 519 
8.30892 1922 2258 1122 2394 2092 519 
8.35715 1916 2242 1120 2338 2089 528 
8.40748 1916 2242 1120 2338 2089 528 
8.45781 1908 2223 1115 2244 2088 544 
8.50815 1908 2223 1115 2244 2088 544 
8.55848 1908 2203 1110 2122 2087 560 
8.60881 1908 2203 1110 2122 2087 560 
8.65704 1907 2181 1111 1999 2087 568 
8.70738 1907 2181 1111 1999 2087 568 
8.75771 1910 2160 1116 1891 2088 569 
8.80804 1910 2160 1116 1891 2088 569 
8.85837 1927 2138 1119 1782 2087 565 
8.9087 1927 2138 1119 1782 2087 565 
8.95694 1959 2120 1119 1680 2087 555 
9.00727 1959 2120 1119 1680 2087 555 
9.0576 1992 2104 1119 1588 2088 539 
9.10793 1992 2104 1119 1588 2088 539 
9.15826 2036 2088 1120 1501 2087 524 
9.20859 2036 2088 1120 1501 2087 524 
9.25893 2095 2069 1120 1401 2088 516 
9.30716 2095 2069 1120 1401 2088 516 
9.35749 2149 2055 1118 1301 2088 516 
9.40782 2149 2055 1118 1301 2088 516 
9.45816 2193 2048 1120 1212 2088 516 
9.50849 2193 2048 1120 1212 2088 516 
9.55882 2244 2043 1120 1131 2089 517 
9.60705 2244 2043 1120 1131 2089 517 
9.65738 2294 2038 1120 1054 2087 517 
9.70772 2294 2038 1120 1054 2087 517 
9.75805 2338 2031 1120 983 2088 517 
9.80838 2338 2031 1120 983 2088 517 
9.85871 2373 2023 1118 924 2088 517 
9.90695 2373 2023 1118 924 2088 517 
9.95728 2403 2014 1117 879 1951 517 
10.0076 2403 2014 1117 879 1951 517 
10.0579 2442 2002 1114 836 2088 517 
10.1083 2442 2002 1114 836 2088 517 
10.1586 2478 1987 1113 786 517 517 
10.2089 2478 1987 1113 786 517 517 
10.2572 2510 1971 1114 719 517 517 
10.3075 2510 1971 1114 719 517 517 
10.3578 2539 1956 1117 642 516 517 
10.4082 2539 1956 1117 642 516 517 
10.4585 2561 1944 1119 573 516 517 
10.5088 2561 1944 1119 573 516 517 
10.5571 2581 1935 1112 532 516 517 
10.6074 2581 1935 1112 532 516 517 
10.6577 2594 1926 1105 524 517 528 
10.7081 2594 1926 1105 524 517 528 
10.7584 2596 1918 1096 522 518 528 
10.8087 2596 1918 1096 522 518 528 
10.857 2595 1909 1091 523 519 528 
10.9073 2595 1909 1091 523 519 528 
10.9576 2596 1906 1088 523 527 528 
11.008 2596 1906 1088 523 527 528 
11.0583 2596 1909 1097 524 538 528 
11.1086 2596 1909 1097 524 538 528 
11.1568 2597 1919 1110 528 544 528 
11.2072 2597 1919 1110 528 544 528 
11.2575 2597 1935 1127 535 541 528 
11.3078 2597 1935 1127 535 541 528 
11.3582 2596 1957 1138 559 535 528 
11.4085 2596 1957 1138 559 535 528 
11.4588 2594 1978 1146 599 948070264 528 
11.5071 2594 1978 1146 599 948070264 528 
11.5574 2581 1995 1147 660 518 528 
11.6077 2581 1995 1147 660 518 528 
11.6581 2546 2010 1148 738 512 528 
11.7084 2546 2010 1148 738 512 528 
11.7587 2512 2026 1149 827 508 528 
11.807 2512 2026 1149 827 508 528 
11.8573 2474 2044 1153 924 2065 507 
11.9076 2474 2044 1153 924 2065 507 
11.958 2437 2060 1167 1023 2064 506 
12.0083 2437 2060 1167 1023 2064 506 
12.0586 2402 2076 1188 1125 2064 507 
12.1069 2402 2076 1188 1125 2064 507 
12.1572 2376 2093 1212 1227 2064 508 
12.2075 2376 2093 1212 1227 2064 508 
12.2579 2360 2111 1236 1335 2065 512 
12.3082 2360 2111 1236 1335 2065 512 
12.3585 2356 2124 1263 1445 2069 517 
12.4088 2356 2124 1263 1445 2069 517 
12.4571 2356 2138 1290 1550 2070 519 
12.5074 2356 2138 1290 1550 2070 519 
12.5577 2355 2153 1305 1643 2069 520 
12.6081 2355 2153 1305 1643 2069 520 
12.6584 2352 2170 1309 1724 2070 519 
12.7087 2352 2170 1309 1724 2070 519 
12.757 2341 2182 1310 1795 2070 519 
12.8073 2341 2182 1310 1795 2070 519 
12.8576 2324 2194 1309 1857 2069 519 
12.908 2324 2194 1309 1857 2069 519 
12.9583 2303 2206 1309 1913 2069 519 
13.0086 2303 2206 1309 1913 2069 519 
13.059 2271 2220 1309 1965 2070 519 
13.1072 2271 2220 1309 1965 2070 519 
13.1575 2239 2236 1309 2016 2070 518 
13.2079 2239 2236 1309 2016 2070 518 
13.2582 2199 2252 1309 2068 2070 518 
13.3085 2199 2252 1309 2068 2070 518 
13.3589 2160 2272 1309 2118 2070 518 
13.4071 2160 2272 1309 2118 2070 518 
13.4574 2127 2290 1309 2162 2070 518 
13.5078 2127 2290 1309 2162 2070 518 
13.5581 2096 2305 1309 2203 2070 518 
13.6084 2096 2305 1309 2203 2070 518 
13.6588 2071 2320 1309 2244 2070 518 
13.707 2071 2320 1309 2244 2070 518 
13.7573 2048 2336 1309 2280 2070 518 
13.8076 2048 2336 1309 2280 2070 518 
13.858 2025 2349 1309 2296 2070 518 
13.9083 2025 2349 1309 2296 2070 518 
13.9586 2000 2358 1310 2296 2070 518 
14.0069 2000 2358 1310 2296 2070 518 
14.0572 1980 2362 1309 2296 2070 518 
14.1075 1980 2362 1309 2296 2070 518 
14.1579 1969 2364 1310 2296 2070 518 
14.2082 1969 2364 1310 2296 2070 518 
14.2585 1963 2365 1309 2296 2070 518 
14.3089 1963 2365 1309 2296 2070 518 
14.3571 1962 2365 1309 2296 2070 517 
14.4074 1962 2365 1309 2296 2070 517 
14.4578 1962 2364 1310 2296 2070 517 
14.5081 1962 2364 1310 2296 2070 517 
14.5584 1962 2362 1312 2296 2070 517 
14.6088 1962 2362 1312 2296 2070 517 
14.657 1962 2361 1316 2293 2070 516 
14.7073 1962 2361 1316 2293 2070 516 
14.7577 1962 2360 1321 2292 2070 510 
14.808 1962 2360 1321 2292 2070 510 
14.8583 1962 2359 1330 2292 2070 500 
14.9087 1962 2359 1330 2292 2070 500 
14.9569 1962 2355 1345 2291 2069 490 
15.0072 1962 2355 1345 2291 2069 490 
15.0576 1962 2352 1360 2291 2070 483 
15.1079 1962 2352 1360 2291 2070 483 
15.1582 1962 2348 1372 2289 2070 478 
15.2085 1962 2348 1372 2289 2070 478 
15.2589 1963 2342 1384 2281 2070 478 
15.3071 1963 2342 1384 2281 2070 478 
15.3574 1967 2333 1398 2266 2070 483 
15.4078 1967 2333 1398 2266 2070 483 
15.4581 1978 2326 1418 2249 2070 493 
15.5084 1978 2326 1418 2249 2070 493 
15.5588 1989 2317 1439 2223 2070 508 
15.607 1989 2317 1439 2223 2070 508 
15.6573 2001 2304 1463 2188 2070 520 
15.7077 2001 2304 1463 2188 2070 520 
15.758 2013 2290 1486 2151 2070 529 
15.8083 2013 2290 1486 2151 2070 529 
15.8587 2025 2275 1506 2119 2070 532 
15.9069 2025 2275 1506 2119 2070 532 
15.9572 2034 2259 1516 2094 2070 527 
16.0076 2034 2259 1516 2094 2070 527 
16.0579 2036 2239 1517 2069 2070 518 
16.1082 2036 2239 1517 2069 2070 518 
16.1586 2035 2220 1507 2058 2065 515 
16.2089 2035 2220 1507 2058 2065 515 
16.2571 2032 2202 1488 2058 2065 515 
16.3075 2032 2202 1488 2058 2065 515 
16.3578 2022 2189 1452 2057 2065 515 
16.4081 2022 2189 1452 2057 2065 515 
16.4584 2016 2177 1412 2054 2064 515 
16.5088 2016 2177 1412 2054 2064 515 
16.557 2016 2167 1374 2052 2065 515 
16.6073 2016 2167 1374 2052 2065 515 
16.6577 2016 2158 1341 2043 2065 516 
16.708 2016 2158 1341 2043 2065 516 
16.7583 2017 2150 1334 2014 2065 516 
16.8087 2017 2150 1334 2014 2065 516 
16.8569 2019 2143 1342 1963 2070 516 
16.9072 2019 2143 1342 1963 2070 516 
16.9576 2034 2136 1358 1891 2070 516 
17.0079 2034 2136 1358 1891 2070 516 
17.0582 2058 2131 1365 1819 2069 520 
17.1086 2058 2131 1365 1819 2069 520 
17.1589 2065 2123 1364 1755 2066 530 
17.2071 2065 2123 1364 1755 2066 530 
17.2575 2065 2113 1352 1713 2064 539 
17.3078 2065 2113 1352 1713 2064 539 
17.3581 2062 2103 1323 1697 2064 544 
17.4085 2062 2103 1323 1697 2064 544 
17.4588 2062 2085 1288 1684 2064 544 
17.507 2062 2085 1288 1684 2064 544 
17.5574 2062 2069 1247 1668 2064 543 
17.6077 2062 2069 1247 1668 2064 543 
17.658 2062 2056 1205 1660 2064 536 
17.7084 2062 2056 1205 1660 2064 536 
17.7587 2064 2047 1161 1652 2064 528 
17.8069 2064 2047 1161 1652 2064 528 
17.8573 2067 2042 1121 1649 2064 518 
17.9076 2067 2042 1121 1649 2064 518 
17.9579 2079 2042 1084 1649 2064 516 
18.0082 2079 2042 1084 1649 2064 516 
18.0586 2101 2041 1059 1639 2063 516 
18.1089 2101 2041 1059 1639 2063 516 
18.1571 2131 2032 1062 1604 2064 516 
18.2075 2131 2032 1062 1604 2064 516 
18.2578 2170 2027 1069 1546 2068 516 
18.3081 2170 2027 1069 1546 2068 516 
18.3585 2223 2026 1085 1489 2064 516 
18.4088 2223 2026 1085 1489 2064 516 
18.457 2270 2027 1096 1464 2069 516 
18.5074 2270 2027 1096 1464 2069 516 
18.5577 2315 2032 1117 1462 2069 516 
18.608 2315 2032 1117 1462 2069 516 
18.6584 2351 2039 1148 1466 2069 516 
18.7087 2351 2039 1148 1466 2069 516 
18.7569 2368 2048 1184 1468 2069 516 
18.8073 2368 2048 1184 1468 2069 516 
18.8576 2369 2056 1220 1469 2069 516 
18.9079 2369 2056 1220 1469 2069 516 
18.9583 2369 2066 1236 1481 2069 516 
19.0086 2369 2066 1236 1481 2069 516 
19.0589 2368 2072 1237 1495 2069 516 
19.1072 2368 2072 1237 1495 2069 516 
19.1575 2368 2075 1233 1503 2069 516 
19.2078 2368 2075 1233 1503 2069 516 
19.2581 2364 2078 1227 1512 2067 516 
19.3085 2364 2078 1227 1512 2067 516 
19.3588 2358 2083 1219 1524 2065 516 
19.407 2358 2083 1219 1524 2065 516 
19.4574 2347 2088 1212 1540 2065 516 
19.5077 2347 2088 1212 1540 2065 516 
19.558 2338 2091 1212 1551 2065 516 
19.6084 2338 2091 1212 1551 2065 516 
19.6587 2323 2097 1212 1566 2065 516 
19.7069 2323 2097 1212 1566 2065 516 
19.7573 2306 2103 1212 1583 2065 516 
19.8076 2306 2103 1212 1583 2065 516 
19.8579 2290 2109 1214 1603 2069 516 
19.9083 2290 2109 1214 1603 2069 516 
19.9586 2274 2112 1222 1631 2069 516 
20.0089 2274 2112 1222 1631 2069 516 
20.0572 2270 2113 1233 1654 2069 516 
20.1075 2270 2113 1233 1654 2069 516 
20.1578 2270 2114 1252 1659 2069 516 
20.2082 2270 2114 1252 1659 2069 516 
20.2585 2271 2119 1278 1660 2069 516 
20.3088 2271 2119 1278 1660 2069 516 
20.3571 2271 2124 1307 1669 2069 516 
20.4074 2271 2124 1307 1669 2069 516 
20.4577 2271 2130 1332 1682 2069 516 
20.508 2271 2130 1332 1682 2069 516 
20.5584 2271 2134 1357 1695 2069 516 
20.6087 2271 2134 1357 1695 2069 516 
20.6569 2271 2139 1373 1706 2069 516 
20.7073 2271 2139 1373 1706 2069 516 
20.7576 2271 2145 1384 1718 2069 516 
20.8079 2271 2145 1384 1718 2069 516 
20.8583 2271 2148 1392 1726 2069 516 
20.9086 2271 2148 1392 1726 2069 516 
20.9589 2271 2152 1396 1733 2069 516 
21.0072 2271 2152 1396 1733 2069 516 
21.0575 2271 2155 1399 1738 2069 515 
21.1078 2271 2155 1399 1738 2069 515 
21.1582 2271 2160 1403 1749 2069 512 
21.2085 2271 2160 1403 1749 2069 512 
21.2588 2271 2166 1406 1769 2069 509 
21.3071 2271 2166 1406 1769 2069 509 
21.3574 2267 2174 1405 1802 2069 507 
21.4077 2267 2174 1405 1802 2069 507 
21.4581 2252 2184 1406 1844 2069 503 
21.5084 2252 2184 1406 1844 2069 503 
21.5587 2237 2195 1406 1894 2069 502 
21.607 2237 2195 1406 1894 2069 502 
21.6573 2223 2207 1406 1952 2069 500 
21.7076 2223 2207 1406 1952 2069 500 
21.758 2199 2215 1400 2011 2069 499 
21.8083 2199 2215 1400 2011 2069 499 
21.8586 2164 2222 1396 2061 2069 498 
21.9068 2164 2222 1396 2061 2069 498 
21.9572 2122 2226 1395 2104 2069 498 
22.0075 2122 2226 1395 2104 2069 498 
22.0578 2087 2231 1396 2149 2069 498 
22.1082 2087 2231 1396 2149 2069 498 
22.1585 2054 2239 1395 2201 2069 498 
22.2088 2054 2239 1395 2201 2069 498 
22.2571 2019 2246 1392 2262 2069 499 
22.3074 2019 2246 1392 2262 2069 499 
22.3577 1979 2257 1387 2316 2069 499 
22.4081 1979 2257 1387 2316 2069 499 
22.4584 1939 2267 1388 2351 2069 500 
22.5087 1939 2267 1388 2351 2069 500 
22.557 1917 2273 1388 2358 2069 502 
22.6073 1917 2273 1388 2358 2069 502 
22.6576 1915 2276 1391 2355 2069 502 
22.708 1915 2276 1391 2355 2069 502 
22.7583 1915 2274 1401 2354 2069 502 
22.8086 1915 2274 1401 2354 2069 502 
22.8569 1916 2272 1413 2353 2069 502 
22.9072 1916 2272 1413 2353 2069 502 
22.9575 1918 2269 1430 2350 2069 503 
23.0079 1918 2269 1430 2350 2069 503 
23.0582 1918 2265 1453 2334 2069 506 
23.1085 1918 2265 1453 2334 2069 506 
23.1588 1918 2262 1478 2316 2069 507 
23.2071 1918 2262 1478 2316 2069 507 
23.2574 1922 2258 1502 2300 2069 507 
23.3077 1922 2258 1502 2300 2069 507 
23.3581 1927 2253 1524 2284 2069 508 
23.4084 1927 2253 1524 2284 2069 508 
23.4587 1929 2251 1539 2269 2069 508 
23.507 1929 2251 1539 2269 2069 508 
23.5573 1930 2248 1548 2252 2069 508 
23.6076 1930 2248 1548 2252 2069 508 
23.658 1933 2245 1556 2230 2069 508 
23.7083 1933 2245 1556 2230 2069 508 
23.7586 1942 2240 1574 2208 2069 508 
23.8069 1942 2240 1574 2208 2069 508 
23.8572 1958 2234 1598 2187 2069 507 
23.9075 1958 2234 1598 2187 2069 507 
23.9579 1976 2228 1621 2163 2065 507 
24.0082 1976 2228 1621 2163 2065 507 
24.0585 1995 2222 1634 2140 2065 508 
24.1089 1995 2222 1634 2140 2065 508 
24.1571 2015 2219 1639 2123 2065 508 
24.2074 2015 2219 1639 2123 2065 508 
24.2578 2021 2216 1637 2110 2065 508 
24.3081 2021 2216 1637 2110 2065 508 
24.3584 2020 2215 1630 2104 2065 508 
24.4088 2020 2215 1630 2104 2065 508 
24.457 2017 2213 1615 2101 2064 508 
24.5073 2017 2213 1615 2101 2064 508 
24.5576 2008 2210 1574 2086 2064 509 
24.608 2008 2210 1574 2086 2064 509 
24.6583 2006 2206 1520 2057 2064 511 
24.7086 2006 2206 1520 2057 2064 511 
24.7569 2006 2203 1464 2012 2063 516 
24.8072 2006 2203 1464 2012 2063 516 
24.8575 2006 2200 1412 1954 2064 519 
24.9079 2006 2200 1412 1954 2064 519 
24.9582 2007 2193 1383 1894 2064 523 
25.0085 2007 2193 1383 1894 2064 523 
25.0589 2007 2183 1371 1838 2064 524 
25.1071 2007 2183 1371 1838 2064 524 
25.1574 2008 2174 1366 1790 2064 526 
25.2078 2008 2174 1366 1790 2064 526 
25.2581 2018 2165 1374 1758 2065 527 
25.3084 2018 2165 1374 1758 2065 527 
25.3588 2042 2158 1375 1741 2068 528 
25.407 2042 2158 1375 1741 2068 528 
25.4573 2077 2145 1368 1729 2064 529 
25.5077 2077 2145 1368 1729 2064 529 
25.558 2098 2124 1356 1727 2064 530 
25.6083 2098 2124 1356 1727 2064 530 
25.6587 2102 2106 1335 1727 2063 531 
25.7069 2102 2106 1335 1727 2063 531 
25.7572 2102 2089 1316 1726 2063 531 
25.8076 2102 2089 1316 1726 2063 531 
25.8579 2102 2071 1300 1726 2063 530 
25.9082 2102 2071 1300 1726 2063 530 
25.9585 2102 2059 1278 1726 2064 527 
26.0089 2102 2059 1278 1726 2064 527 
26.0571 2103 2052 1258 1725 2064 522 
26.1074 2103 2052 1258 1725 2064 522 
26.1578 2104 2047 1244 1711 2064 516 
26.2081 2104 2047 1244 1711 2064 516 
26.2584 2109 2042 1255 1662 2069 508 
26.3088 2109 2042 1255 1662 2069 508 
26.357 2137 2039 1282 1589 2069 507 
26.4073 2137 2039 1282 1589 2069 507 
26.4577 2172 2043 1305 1526 2069 506 
26.508 2172 2043 1305 1526 2069 506 
26.5583 2214 2046 1315 1500 2069 507 
26.6087 2214 2046 1315 1500 2069 507 
26.6569 2241 2050 1317 1499 2069 508 
26.7072 2241 2050 1317 1499 2069 508 
26.7576 2248 2049 1327 1490 2069 510 
26.8079 2248 2049 1327 1490 2069 510 
26.8582 2248 2047 1346 1454 2069 516 
26.9086 2248 2047 1346 1454 2069 516 
26.9589 2249 2044 1342 1396 2066 519 
27.0071 2249 2044 1342 1396 2066 519 
27.0575 2245 2038 1319 1337 2063 525 
27.1078 2245 2038 1319 1337 2063 525 
27.1581 2245 2031 1281 1317 2063 528 
27.2085 2245 2031 1281 1317 2063 528 
27.2588 2244 2024 1245 1322 2063 528 
27.307 2244 2024 1245 1322 2063 528 
27.3573 2243 2022 1210 1324 2063 528 
27.4077 2243 2022 1210 1324 2063 528 
27.458 2244 2024 1175 1323 2063 528 
27.5083 2244 2024 1175 1323 2063 528 
27.5587 2244 2027 1161 1324 2063 528 
27.6069 2244 2027 1161 1324 2063 528 
27.6572 2247 2029 1174 1323 2069 523 
27.7076 2247 2029 1174 1323 2069 523 
27.7579 2249 2029 1208 1323 2069 516 
27.8082 2249 2029 1208 1323 2069 516 
27.8586 2260 2033 1259 1323 2069 511 
27.9089 2260 2033 1259 1323 2069 511 
27.9571 2270 2037 1310 1323 2069 509 
28.0075 2270 2037 1310 1323 2069 509 
28.0578 2271 2044 1346 1323 2070 509 
28.1081 2271 2044 1346 1323 2070 509 
28.1585 2271 2048 1364 1323 2069 509 
28.2088 2271 2048 1364 1323 2069 509 
28.257 2271 2050 1357 1323 2069 509 
28.3074 2271 2050 1357 1323 2069 509 
28.3577 2268 2050 1351 1324 2069 509 
28.408 2268 2050 1351 1324 2069 509 
28.4584 2268 2055 1359 1342 2069 509 
28.5087 2268 2055 1359 1342 2069 509 
28.5569 2270 2066 1373 1396 2069 509 
28.6073 2270 2066 1373 1396 2069 509 
28.6576 2270 2083 1400 1482 2069 509 
28.7079 2270 2083 1400 1482 2069 509 
28.7582 2269 2104 1423 1594 2069 510 
28.8086 2269 2104 1423 1594 2069 510 
28.8589 2269 2127 1444 1699 2069 513 
28.9071 2269 2127 1444 1699 2069 513 
28.9575 2269 2153 1462 1776 2069 519 
29.0078 2269 2153 1462 1776 2069 519 
29.0581 2269 2177 1475 1837 2069 528 
29.1085 2269 2177 1475 1837 2069 528 
29.1588 2269 2201 1486 1890 2070 535 
29.207 2269 2201 1486 1890 2070 535 
29.2574 2268 2223 1501 1946 2071 539 
29.3077 2268 2223 1501 1946 2071 539 
29.358 2268 2247 1521 2004 2086 539 
29.4084 2268 2247 1521 2004 2086 539 
29.4587 2267 2276 1540 2053 2127 539 
29.5069 2267 2276 1540 2053 2127 539 
29.5573 2264 2304 1550 2091 2175 538 
29.6076 2264 2304 1550 2091 2175 538 
29.6579 2255 2332 1544 2118 2210 535 
29.7083 2255 2332 1544 2118 2210 535 
29.7586 2235 2353 1544 2128 2211 528 
29.8089 2235 2353 1544 2128 2211 528 
29.8572 2213 2365 1544 2128 2211 519 
29.9075 2213 2365 1544 2128 2211 519 
29.9578 2199 2365 1546 2128 2211 513 
30.0081 2199 2365 1546 2128 2211 513 
30.0585 2197 2363 1544 2128 2210 512 
30.1088 2197 2363 1544 2128 2210 512 
30.157 2197 2361 1543 2128 2211 512 
30.2074 2197 2361 1543 2128 2211 512 
30.2577 2195 2362 1540 2128 2209 512 
30.308 2195 2362 1540 2128 2209 512 
30.3584 2184 2365 1521 2129 2211 512 
30.4087 2184 2365 1521 2129 2211 512 
30.4569 2153 2367 1496 2137 2211 512 
30.5073 2153 2367 1496 2137 2211 512 
30.5576 2103 2370 1471 2152 2210 512 
30.6079 2103 2370 1471 2152 2210 512 
30.6583 2050 2370 1450 2173 2210 512 
30.7086 2050 2370 1450 2173 2210 512 
30.7589 2014 2368 1437 2192 2207 512 
30.8072 2014 2368 1437 2192 2207 512 
30.8575 2001 2364 1420 2207 2207 512 
30.9078 2001 2364 1420 2207 2207 512 
30.9582 2001 2348 1422 2203 2210 512 
31.0085 2001 2348 1422 2203 2210 512 
31.0588 2002 2335 1432 2202 2211 512 
31.1071 2002 2335 1432 2202 2211 512 
31.1574 2013 2317 1446 2202 2210 512 
31.2077 2013 2317 1446 2202 2210 512 
31.2581 2015 2299 1451 2202 2211 512 
31.3084 2015 2299 1451 2202 2211 512 
31.3587 2015 2281 1440 2203 2206 512 
31.4069 2015 2281 1440 2203 2206 512 
31.4573 2012 2269 1412 2203 2206 512 
31.5076 2012 2269 1412 2203 2206 512 
31.5579 2007 2254 1358 2201 2205 512 
31.6083 2007 2254 1358 2201 2205 512 
31.6586 2007 2240 1290 2194 2205 512 
31.7089 2007 2240 1290 2194 2205 512 
31.7572 2007 2224 1234 2180 2206 512 
31.8075 2007 2224 1234 2180 2206 512 
31.8578 2011 2209 1194 2147 2206 512 
31.9082 2011 2209 1194 2147 2206 512 
31.9585 2026 2191 1180 2091 2206 512 
32.0088 2026 2191 1180 2091 2206 512 
32.0571 2054 2176 1186 2017 2206 512 
32.1074 2054 2176 1186 2017 2206 512 
32.1577 2098 2166 1197 1940 2209 512 
32.2081 2098 2166 1197 1940 2209 512 
32.2584 2148 2160 1207 1889 2210 512 
32.3087 2148 2160 1207 1889 2210 512 
32.357 2192 2155 1218 1854 2210 512 
32.4073 2192 2155 1218 1854 2210 512 
32.4576 2232 2149 1238 1816 2210 512 
32.508 2232 2149 1238 1816 2210 512 
32.5583 2250 2147 1243 1783 2210 512 
32.6086 2250 2147 1243 1783 2210 512 
32.6569 2251 2145 1233 1769 2207 512 
32.7072 2251 2145 1233 1769 2207 512 
32.7575 2247 2142 1214 1770 2206 512 
32.8078 2247 2142 1214 1770 2206 512 
32.8582 2219 2140 1173 1774 2206 512 
32.9085 2219 2140 1173 1774 2206 512 
32.9588 2203 2139 1131 1774 2206 512 
33.0071 2203 2139 1131 1774 2206 512 
33.0574 2200 2138 1078 1774 2206 512 
33.1077 2200 2138 1078 1774 2206 512 
33.1581 2200 2136 1024 1767 2205 512 
33.2084 2200 2136 1024 1767 2205 512 
33.2587 2204 2128 982 1756 2205 512 
33.307 2204 2128 982 1756 2205 512 
33.3573 2204 2120 960 1736 2205 512 
33.4076 2204 2120 960 1736 2205 512 
33.458 2212 2110 961 1714 2206 512 
33.5083 2212 2110 961 1714 2206 512 
33.5586 2232 2104 974 1698 2206 512 
33.6069 2232 2104 974 1698 2206 512 
33.6572 2264 2101 997 1692 2206 512 
33.7075 2264 2101 997 1692 2206 512 
33.7579 2288 2097 1025 1686 2209 512 
33.8082 2288 2097 1025 1686 2209 512 
33.8585 2305 2095 1055 1670 2210 512 
33.9089 2305 2095 1055 1670 2210 512 
33.9571 2317 2090 1093 1634 2210 512 
34.0074 2317 2090 1093 1634 2210 512 
34.0577 2327 2088 1136 1587 2210 512 
34.1081 2327 2088 1136 1587 2210 512 
34.1584 2332 2091 1173 1550 2211 512 
34.2087 2332 2091 1173 1550 2211 512 
34.257 2332 2094 1208 1531 2211 512 
34.3073 2332 2094 1208 1531 2211 512 
34.3576 2328 2101 1232 1534 2211 512 
34.408 2328 2101 1232 1534 2211 512 
34.4583 2319 2107 1227 1540 2208 512 
34.5086 2319 2107 1227 1540 2208 512 
34.5569 2287 2112 1212 1560 2207 512 
34.6072 2287 2112 1212 1560 2207 512 
34.6575 2242 2121 1199 1601 2206 512 
34.7079 2242 2121 1199 1601 2206 512 
34.7582 2188 2129 1192 1660 2206 513 
34.8085 2188 2129 1192 1660 2206 513 
34.8589 2137 2138 1193 1733 2206 516 
34.9071 2137 2138 1193 1733 2206 516 
34.9574 2100 2147 1193 1807 2206 517 
35.0078 2100 2147 1193 1807 2206 517 
35.0581 2074 2153 1196 1870 2206 521 
35.1084 2074 2153 1196 1870 2206 521 
35.1588 2067 2161 1200 1916 2206 524 
35.207 2067 2161 1200 1916 2206 524 
35.2573 2067 2168 1207 1942 2211 527 
35.3077 2067 2168 1207 1942 2211 527 
35.358 2070 2173 1227 1960 2210 527 
35.4083 2070 2173 1227 1960 2210 527 
35.4586 2076 2176 1264 1981 2210 526 
35.5069 2076 2176 1264 1981 2210 526 
35.5572 2080 2176 1315 2006 2211 524 
35.6075 2080 2176 1315 2006 2211 524 
35.6579 2086 2180 1373 2015 2212 519 
35.7082 2086 2180 1373 2015 2212 519 
35.7585 2089 2184 1429 2015 2212 513 
35.8089 2089 2184 1429 2015 2212 513 
35.8571 2090 2186 1483 2015 2212 508 
35.9074 2090 2186 1483 2015 2212 508 
35.9578 2091 2188 1523 2014 2212 507 
36.0081 2091 2188 1523 2014 2212 507 
36.0584 2091 2191 1547 2010 2212 507 
36.1088 2091 2191 1547 2010 2212 507 
36.157 2091 2191 1565 2009 2212 507 
36.2073 2091 2191 1565 2009 2212 507 
36.2577 2091 2191 1580 2009 2212 507 
36.308 2091 2191 1580 2009 2212 507 
36.3583 2091 2191 1598 2009 2212 507 
36.4087 2091 2191 1598 2009 2212 507 
36.4569 2092 2191 1611 2009 2212 507 
36.5072 2092 2191 1611 2009 2212 507 
36.5576 2094 2192 1629 2008 2212 507 
36.6079 2094 2192 1629 2008 2212 507 
36.6582 2101 2192 1665 2009 2212 507 
36.7085 2101 2192 1665 2009 2212 507 
36.7589 2112 2192 1709 2009 2212 507 
36.8071 2112 2192 1709 2009 2212 507 
36.8574 2122 2194 1749 2009 2212 507 
36.9078 2122 2194 1749 2009 2212 507 
36.9581 2137 2196 1772 2008 2212 507 
37.0084 2137 2196 1772 2008 2212 507 
37.0588 2163 2196 1782 2008 2212 507 
37.107 2163 2196 1782 2008 2212 507 
37.1573 2185 2196 1778 2009 2212 507 
37.2077 2185 2196 1778 2009 2212 507 
37.258 2188 2195 1770 2008 2208 507 
37.3083 2188 2195 1770 2008 2208 507 
37.3587 2188 2196 1743 2008 2208 507 
37.4069 2188 2196 1743 2008 2208 507 
37.4572 2187 2197 1692 2013 2208 507 
37.5076 2187 2197 1692 2013 2208 507 
37.5579 2186 2202 1634 2015 2212 507 
37.6082 2186 2202 1634 2015 2212 507 
37.6586 2186 2208 1581 2016 2211 507 
37.7089 2186 2208 1581 2016 2211 507 
37.7571 2182 2212 1531 2016 2212 507 
37.8075 2182 2212 1531 2016 2212 507 
37.8578 2181 2216 1482 2016 2208 507 
37.9081 2181 2216 1482 2016 2208 507 
37.9585 2182 2217 1428 2016 2208 507 
38.0088 2182 2217 1428 2016 2208 507 
38.057 2185 2218 1362 2013 2206 507 
38.1073 2185 2218 1362 2013 2206 507 
38.1577 2186 2220 1290 2011 2207 507 
38.208 2186 2220 1290 2011 2207 507 
38.2583 2196 2222 1224 2014 2207 507 
38.3087 2196 2222 1224 2014 2207 507 
38.3569 2210 2225 1156 2017 2206 507 
38.4072 2210 2225 1156 2017 2206 507 
38.4576 2230 2225 1097 2016 2205 507 
38.5079 2230 2225 1097 2016 2205 507 
38.5582 2260 2225 1047 2016 2204 507 
38.6086 2260 2225 1047 2016 2204 507 
38.6589 2293 2221 1013 2011 2203 507 
38.7071 2293 2221 1013 2011 2203 507 
38.7575 2327 2218 990 2006 2194 507 
38.8078 2327 2218 990 2006 2194 507 
38.8581 2359 2213 978 1989 2174 507 
38.9085 2359 2213 978 1989 2174 507 
38.9588 2392 2213 969 1971 2139 507 
39.007 2392 2213 969 1971 2139 507 
39.0574 2418 2214 963 1967 2114 507 
39.1077 2418 2214 963 1967 2114 507 
39.158 2425 2213 961 1967 2107 507 
39.2084 2425 2213 961 1967 2107 507 
39.2587 2425 2213 959 1967 2107 507 
39.3069 2425 2213 959 1967 2107 507 
39.3573 2426 2213 952 1967 2107 507 
39.4076 2426 2213 952 1967 2107 507 
39.4579 2422 2213 949 1968 2107 507 
39.5082 2422 2213 949 1968 2107 507 
39.5586 2406 2212 949 1971 2107 507 
39.6089 2406 2212 949 1971 2107 507 
39.6571 2375 2210 955 1969 2107 507 
39.7075 2375 2210 955 1969 2107 507 
39.7578 2334 2204 967 1972 2108 507 
39.8081 2334 2204 967 1972 2108 507 
39.8585 2287 2192 994 1971 2108 507 
39.9088 2287 2192 994 1971 2108 507 
39.957 2235 2181 1036 1972 2112 507 
40.0074 2235 2181 1036 1972 2112 507 
40.0577 2171 2176 1081 1964 2108 507 
40.108 2171 2176 1081 1964 2108 507 
40.1584 2122 2165 1126 1939 2108 507 
40.2087 2122 2165 1126 1939 2108 507 
40.2569 2089 2150 1173 1912 2107 507 
40.3073 2089 2150 1173 1912 2107 507 
40.3576 2059 2133 1218 1889 2107 507 
40.4079 2059 2133 1218 1889 2107 507 
40.4583 2044 2120 1259 1867 2106 507 
40.5086 2044 2120 1259 1867 2106 507 
40.5589 2042 2105 1293 1856 2099 507 
40.6072 2042 2105 1293 1856 2099 507 
40.6575 2042 2091 1327 1847 2085 507 
40.7078 2042 2091 1327 1847 2085 507 
40.7581 2042 2079 1365 1839 2070 507 
40.8085 2042 2079 1365 1839 2070 507 
40.8588 2042 2070 1396 1835 2063 507 
40.907 2042 2070 1396 1835 2063 507 
40.9574 2042 2065 1419 1831 2063 507 
41.0077 2042 2065 1419 1831 2063 507 
41.058 2042 2060 1437 1832 2063 507 
41.1084 2042 2060 1437 1832 2063 507 
41.1587 2042 2059 1444 1837 2062 507 
41.2069 2042 2059 1444 1837 2062 507 
41.2573 2042 2060 1444 1854 2061 507 
41.3076 2042 2060 1444 1854 2061 507 
41.3579 2042 2065 1440 1877 2061 507 
41.4083 2042 2065 1440 1877 2061 507 
41.4586 2041 2072 1437 1901 2061 507 
41.5089 2041 2072 1437 1901 2061 507 
41.5572 2041 2085 1433 1928 2061 507 
41.6075 2041 2085 1433 1928 2061 507 
41.6578 2041 2102 1428 1952 2061 507 
41.7082 2041 2102 1428 1952 2061 507 
41.7585 2041 2122 1427 1965 2062 507 
41.8088 2041 2122 1427 1965 2062 507 
41.8571 2041 2143 1429 1975 2065 507 
41.9074 2041 2143 1429 1975 2065 507 
41.9577 2041 2164 1439 1987 2067 507 
42.0081 2041 2164 1439 1987 2067 507 
42.0584 2044 2181 1458 1992 2068 507 
42.1087 2044 2181 1458 1992 2068 507 
42.1569 2047 2191 1494 1992 2068 507 
42.2073 2047 2191 1494 1992 2068 507 
42.2576 2047 2201 1531 1990 2068 506 
42.3079 2047 2201 1531 1990 2068 506 
42.3583 2047 2209 1555 1987 2068 499 
42.4086 2047 2209 1555 1987 2068 499 
42.4568 2047 2215 1564 1988 2068 490 
42.5072 2047 2215 1564 1988 2068 490 
42.5575 2047 2219 1559 1992 2068 483 
42.6078 2047 2219 1559 1992 2068 483 
42.6582 2047 2226 1549 1993 2063 483 
42.7085 2047 2226 1549 1993 2063 483 
42.7588 2047 2232 1524 1993 2062 483 
42.8071 2047 2232 1524 1993 2062 483 
42.8574 2047 2235 1497 1993 2062 485 
42.9077 2047 2235 1497 1993 2062 485 
42.9581 2047 2235 1466 1998 2062 488 
43.0084 2047 2235 1466 1998 2062 488 
43.0587 2046 2232 1430 2006 2063 496 
43.107 2046 2232 1430 2006 2063 496 
43.1573 2047 2230 1393 2011 2065 508 
43.2076 2047 2230 1393 2011 2065 508 
43.258 2047 2229 1355 2011 2062 517 
43.3083 2047 2229 1355 2011 2062 517 
43.3586 2047 2230 1317 2011 2063 521 
43.4069 2047 2230 1317 2011 2063 521 
43.4572 2047 2229 1289 2011 2062 521 
43.5075 2047 2229 1289 2011 2062 521 
43.5578 2047 2229 1274 2011 2062 520 
43.6082 2047 2229 1274 2011 2062 520 
43.6585 2041 2223 1274 2005 2065 519 
43.7088 2041 2223 1274 2005 2065 519 
43.7571 2021 2214 1280 2005 2067 517 
43.8074 2021 2214 1280 2005 2067 517 
43.8577 1984 2203 1287 2004 2068 516 
43.9081 1984 2203 1287 2004 2068 516 
43.9584 1940 2188 1298 2004 2068 516 
44.0087 1940 2188 1298 2004 2068 516 
44.057 1889 2177 1302 2002 2067 516 
44.1073 1889 2177 1302 2002 2067 516 
44.1576 1845 2169 1303 2001 2067 515 
44.208 1845 2169 1303 2001 2067 515 
44.2583 1800 2166 1304 2002 2068 507 
44.3086 1800 2166 1304 2002 2068 507 
44.3569 1764 2167 1304 2001 2067 499 
44.4072 1764 2167 1304 2001 2067 499 
44.4575 1745 2167 1305 2002 2066 490 
44.5079 1745 2167 1305 2002 2066 490 
44.5582 1741 2169 1304 2001 2065 484 
44.6085 1741 2169 1304 2001 2065 484 
44.6589 1741 2170 1306 2000 2068 483 
44.7071 1741 2170 1306 2000 2068 483 
44.7574 1742 2167 1318 1994 2068 483 
44.8078 1742 2167 1318 1994 2068 483 
44.8581 1752 2164 1351 1986 2068 485 
44.9084 1752 2164 1351 1986 2068 485 
44.9587 1794 2155 1408 1976 2068 490 
45.007 1794 2155 1408 1976 2068 490 
45.0573 1828 2153 1462 1964 2068 500 
45.1076 1828 2153 1462 1964 2068 500 
45.158 1863 2153 1510 1944 2068 511 
45.2083 1863 2153 1510 1944 2068 511 
45.2586 1894 2152 1533 1924 2068 518 
45.3069 1894 2152 1533 1924 2068 518 
45.3572 1922 2150 1541 1911 2068 523 
45.4075 1922 2150 1541 1911 2068 523 
45.4579 1953 2144 1541 1896 2068 526 
45.5082 1953 2144 1541 1896 2068 526 
45.5585 1972 2135 1533 1880 2067 528 
45.6089 1972 2135 1533 1880 2067 528 
45.6571 1972 2125 1521 1877 2063 528 
45.7074 1972 2125 1521 1877 2063 528 
45.7578 1965 2111 1488 1872 2063 528 
45.8081 1965 2111 1488 1872 2063 528 
45.8584 1957 2095 1442 1854 2066 528 
45.9088 1957 2095 1442 1854 2066 528 
45.957 1956 2076 1391 1828 2063 528 
46.0073 1956 2076 1391 1828 2063 528 
46.0577 1954 2062 1334 1786 2062 527 
46.108 1954 2062 1334 1786 2062 527 
46.1583 1954 2054 1283 1732 2062 527 
46.2086 1954 2054 1283 1732 2062 527 
46.2569 1954 2046 1246 1683 2062 527 
46.3072 1954 2046 1246 1683 2062 527 
46.3575 1954 2036 1223 1640 2062 527 
46.4079 1954 2036 1223 1640 2062 527 
46.4582 1954 2024 1214 1595 2062 526 
46.5085 1954 2024 1214 1595 2062 526 
46.5589 1955 2013 1221 1536 2062 526 
46.6071 1955 2013 1221 1536 2062 526 
46.6574 1963 2007 1223 1475 2063 526 
46.7078 1963 2007 1223 1475 2063 526 
46.7581 1993 2005 1228 1425 2065 526 
46.8084 1993 2005 1228 1425 2065 526 
46.8588 2020 2004 1231 1402 2067 526 
46.907 2020 2004 1231 1402 2067 526 
46.9573 2046 2004 1237 1399 2068 526 
47.0077 2046 2004 1237 1399 2068 526 
47.058 2071 2006 1240 1399 2068 527 
47.1083 2071 2006 1240 1399 2068 527 
47.1587 2115 2009 1240 1401 2068 527 
47.2069 2115 2009 1240 1401 2068 527 
47.2572 2171 2013 1238 1405 2067 527 
47.3076 2171 2013 1238 1405 2067 527 
47.3579 2225 2020 1245 1405 2068 527 
47.4082 2225 2020 1245 1405 2068 527 
47.4585 2286 2026 1254 1410 2068 527 
47.5089 2286 2026 1254 1410 2068 527 
47.5571 2336 2034 1270 1419 2068 527 
47.6074 2336 2034 1270 1419 2068 527 
47.6578 2381 2041 1300 1432 2068 527 
47.7081 2381 2041 1300 1432 2068 527 
47.7584 2408 2049 1335 1452 2068 524 
47.8088 2408 2049 1335 1452 2068 524 
47.857 2419 2057 1364 1494 2068 520 
47.9073 2419 2057 1364 1494 2068 520 
47.9577 2419 2060 1378 1564 2068 513 
48.008 2419 2060 1378 1564 2068 513 
48.0583 2418 2062 1371 1645 2067 506 
48.1087 2418 2062 1371 1645 2067 506 
48.159 2410 2069 1366 1702 2063 499 
48.2072 2410 2069 1366 1702 2063 499 
48.2576 2384 2086 1359 1729 2063 494 
48.3079 2384 2086 1359 1729 2063 494 
48.3582 2359 2105 1359 1741 2063 493 
48.4086 2359 2105 1359 1741 2063 493 
48.4589 2334 2124 1359 1761 2062 494 
48.5071 2334 2124 1359 1761 2062 494 
48.5575 2308 2139 1361 1792 2062 498 
48.6078 2308 2139 1361 1792 2062 498 
48.6581 2288 2149 1360 1829 2062 511 
48.7085 2288 2149 1360 1829 2062 511 
48.7588 2269 2158 1361 1872 2062 525 
48.807 2269 2158 1361 1872 2062 525 
48.8573 2248 2167 1364 1913 2062 540 
48.9077 2248 2167 1364 1913 2062 540 
48.958 2227 2172 1369 1956 2068 549 
49.0083 2227 2172 1369 1956 2068 549 
49.0587 2223 2176 1380 2006 2068 549 
49.1069 2223 2176 1380 2006 2068 549 
49.1572 2224 2176 1402 2046 2068 545 
49.2076 2224 2176 1402 2046 2068 545 
49.2579 2224 2183 1437 2069 2068 535 
49.3082 2224 2183 1437 2069 2068 535 
49.3586 2223 2192 1478 2080 2069 519 
49.4089 2223 2192 1478 2080 2069 519 
49.4571 2223 2200 1514 2092 2068 507 
49.5075 2223 2200 1514 2092 2068 507 
49.5578 2224 2206 1548 2107 2068 497 
49.6081 2224 2206 1548 2107 2068 497 
49.6585 2224 2212 1579 2118 2069 491 
49.7088 2224 2212 1579 2118 2069 491 
49.757 2223 2219 1614 2126 2069 491 
49.8074 2223 2219 1614 2126 2069 491 
49.8577 2222 2226 1648 2139 2068 491 
49.908 2222 2226 1648 2139 2068 491 
49.9584 2221 2237 1655 2144 2069 491 
50.0087 2221 2237 1655 2144 2069 491 
50.0569 2217 2244 1645 2144 2068 491 
50.1073 2217 2244 1645 2144 2068 491 
50.1576 2192 2252 1618 2144 2068 491 
50.2079 2192 2252 1618 2144 2068 491 
50.2582 2158 2260 1586 2152 2068 491 
50.3086 2158 2260 1586 2152 2068 491 
50.3589 2127 2271 1551 2181 2068 491 
50.4071 2127 2271 1551 2181 2068 491 
50.4575 2100 2278 1515 2218 2068 491 
50.5078 2100 2278 1515 2218 2068 491 
50.5581 2082 2284 1487 2257 2068 491 
50.6085 2082 2284 1487 2257 2068 491 
50.6588 2071 2290 1465 2289 2068 491 
50.707 2071 2290 1465 2289 2068 491 
50.7574 2067 2294 1446 2314 2068 491 
50.8077 2067 2294 1446 2314 2068 491 
50.858 2066 2294 1433 2345 2068 491 
50.9084 2066 2294 1433 2345 2068 491 
50.9587 2067 2293 1432 2387 2068 491 
51.0069 2067 2293 1432 2387 2068 491 
51.0573 2066 2289 1443 2424 2073 491 
51.1076 2066 2289 1443 2424 2073 491 
51.1579 2067 2287 1456 2433 2098 493 
51.2083 2067 2287 1456 2433 2098 493 
51.2586 2067 2285 1473 2433 2145 502 
51.3068 2067 2285 1473 2433 2145 502 
51.3572 2067 2286 1482 2432 2196 511 
51.4075 2067 2286 1482 2432 2196 511 
51.4578 2068 2286 1483 2430 2223 516 
51.5082 2068 2286 1483 2430 2223 516 
51.5585 2068 2286 1483 2429 2224 517 
51.6088 2068 2286 1483 2429 2224 517 
51.657 2068 2286 1483 2429 2224 517 
51.7074 2068 2286 1483 2429 2224 517 
51.7577 2068 2286 1480 2428 2224 517 
51.808 2068 2286 1480 2428 2224 517 
51.8584 2067 2287 1475 2427 2223 516 
51.9087 2067 2287 1475 2427 2223 516 
51.9569 2066 2288 1468 2424 2220 514 
52.0073 2066 2288 1468 2424 2220 514 
52.0576 2064 2290 1443 2409 2219 512 
52.1079 2064 2290 1443 2409 2219 512 
52.1583 2064 2290 1410 2378 2220 512 
52.2086 2064 2290 1410 2378 2220 512 
52.2589 2065 2287 1382 2338 2219 511 
52.3072 2065 2287 1382 2338 2219 511 
52.3575 2066 2286 1355 2302 2219 508 
52.4078 2066 2286 1355 2302 2219 508 
52.4582 2068 2283 1326 2266 2219 505 
52.5085 2068 2283 1326 2266 2219 505 
52.5588 2076 2280 1302 2235 2217 502 
52.6071 2076 2280 1302 2235 2217 502 
52.6574 2086 2273 1287 2200 2216 499 
52.7077 2086 2273 1287 2200 2216 499 
52.7581 2101 2262 1283 2156 2216 499 
52.8084 2101 2262 1283 2156 2216 499 
52.8587 2131 2249 1284 2105 2216 499 
52.907 2131 2249 1284 2105 2216 499 
52.9573 2170 2237 1284 2055 2216 496 
53.0076 2170 2237 1284 2055 2216 496 
53.0579 2216 2225 1291 2003 2216 493 
53.1083 2216 2225 1291 2003 2216 493 
53.1586 2264 2216 1292 1964 2216 490 
53.2068 2264 2216 1292 1964 2216 490 
53.2572 2314 2210 1293 1936 2216 489 
53.3075 2314 2210 1293 1936 2216 489 
53.3578 2363 2208 1296 1904 2217 488 
53.4082 2363 2208 1296 1904 2217 488 
53.4585 2400 2206 1299 1868 2220 488 
53.5088 2400 2206 1299 1868 2220 488 
53.5571 2427 2206 1301 1836 2220 488 
53.6074 2427 2206 1301 1836 2220 488 
53.6577 2432 2204 1295 1813 2217 487 
53.7081 2432 2204 1295 1813 2217 487 
53.7584 2432 2201 1284 1798 2216 487 
53.8087 2432 2201 1284 1798 2216 487 
53.857 2432 2197 1261 1787 2216 487 
53.9073 2432 2197 1261 1787 2216 487 
53.9576 2430 2192 1224 1781 2216 486 
54.008 2430 2192 1224 1781 2216 486 
54.0583 2430 2184 1176 1780 2214 483 
54.1086 2430 2184 1176 1780 2214 483 
54.1569 2430 2177 1127 1781 2205 476 
54.2072 2430 2177 1127 1781 2205 476 
54.2575 2430 2172 1076 1786 2189 470 
54.3078 2430 2172 1076 1786 2189 470 
54.3582 2432 2170 1034 1790 2157 464 
54.4085 2432 2170 1034 1790 2157 464 
54.4588 2432 2169 1010 1794 2115 458 
54.5071 2432 2169 1010 1794 2115 458 
54.5574 2432 2167 1013 1790 2070 458 
54.6077 2432 2167 1013 1790 2070 458 
54.6581 2437 2165 1024 1785 2049 459 
54.7084 2437 2165 1024 1785 2049 459 
54.7587 2453 2161 1054 1774 2054 465 
54.807 2453 2161 1054 1774 2054 465 
54.8573 2465 2162 1090 1773 2054 470 
54.9076 2465 2162 1090 1773 2054 470 
54.958 2473 2164 1125 1773 2054 474 
55.0083 2473 2164 1125 1773 2054 474 
55.0586 2478 2163 1171 1773 2054 476 
55.109 2478 2163 1171 1773 2054 476 
55.1572 2479 2166 1219 1773 2054 480 
55.2075 2479 2166 1219 1773 2054 480 
55.2579 2478 2168 1264 1773 2054 485 
55.3082 2478 2168 1264 1773 2054 485 
55.3585 2479 2172 1300 1773 2054 492 
55.4089 2479 2172 1300 1773 2054 492 
55.4571 2478 2174 1327 1773 2056 496 
55.5074 2478 2174 1327 1773 2056 496 
55.5578 2478 2176 1351 1774 2058 499 
55.6081 2478 2176 1351 1774 2058 499 
55.6584 2479 2176 1377 1778 2058 499 
55.7087 2479 2176 1377 1778 2058 499 
55.757 2478 2179 1397 1778 2059 498 
55.8073 2478 2179 1397 1778 2059 498 
55.8576 2479 2182 1407 1778 2058 497 
55.908 2479 2182 1407 1778 2058 497 
55.9583 2479 2184 1409 1778 2058 496 
56.0086 2479 2184 1409 1778 2058 496 
56.0569 2479 2183 1411 1778 2058 495 
56.1072 2479 2183 1411 1778 2058 495 
56.1575 2479 2184 1414 1778 2058 495 
56.2079 2479 2184 1414 1778 2058 495 
56.2582 2479 2186 1415 1779 2058 495 
56.3085 2479 2186 1415 1779 2058 495 
56.3589 2478 2191 1414 1784 2058 495 
56.4071 2478 2191 1414 1784 2058 495 
56.4574 2479 2193 1411 1792 2058 495 
56.5078 2479 2193 1411 1792 2058 495 
56.5581 2478 2195 1411 1801 2058 495 
56.6084 2478 2195 1411 1801 2058 495 
56.6588 2473 2198 1409 1814 2058 495 
56.707 2473 2198 1409 1814 2058 495 
56.7573 2466 2201 1407 1828 2058 495 
56.8077 2466 2201 1407 1828 2058 495 
56.858 2450 2205 1405 1843 2058 495 
56.9083 2450 2205 1405 1843 2058 495 
56.9586 2419 2210 1404 1873 2058 495 
57.0069 2419 2210 1404 1873 2058 495 
57.0572 2376 2214 1402 1917 2054 495 
57.1075 2376 2214 1402 1917 2054 495 
57.1579 2327 2218 1401 1979 2054 495 
57.2082 2327 2218 1401 1979 2054 495 
57.2585 2286 2221 1400 2039 2054 495 
57.3089 2286 2221 1400 2039 2054 495 
57.3571 2252 2228 1395 2073 2053 495 
57.4074 2252 2228 1395 2073 2053 495 
57.4578 2228 2238 1374 2090 2053 495 
57.5081 2228 2238 1374 2090 2053 495 
57.5584 2224 2245 1338 2103 2052 495 
57.6088 2224 2245 1338 2103 2052 495 
57.657 2224 2245 1338 2103 2052 495 
57.7073 2225 2252 1295 2121 2052 490 
57.7577 2225 2256 1258 2150 2045 484 
57.808 2225 2256 1258 2150 2045 484 
57.8583 2225 2258 1225 2192 2026 478 
57.9087 2225 2258 1225 2192 2026 478 
57.9569 2226 2258 1210 2238 1990 476 
58.0072 2226 2258 1210 2238 1990 476 
58.0576 2225 2254 1211 2272 1948 476 
58.1079 2225 2254 1211 2272 1948 476 
58.1582 2230 2254 1219 2275 1923 477 
58.2085 2230 2254 1219 2275 1923 477 
58.2589 2246 2256 1219 2280 1920 480 
58.3071 2246 2256 1219 2280 1920 480 
58.3574 2254 2257 1212 2274 1915 490 
58.4078 2254 2257 1212 2274 1915 490 
58.4581 2258 2258 1211 2256 1892 503 
58.5084 2258 2258 1211 2256 1892 503 
58.5588 2259 2258 1210 2209 1835 514 
58.607 2259 2258 1210 2209 1835 514 
58.6573 2262 2258 1211 2153 1763 516 
58.7077 2262 2258 1211 2153 1763 516 
58.758 2270 2254 1211 2106 1714 510 
58.8083 2270 2254 1211 2106 1714 510 
58.8587 2280 2251 1210 2057 1699 502 
58.9069 2280 2251 1210 2057 1699 502 
58.9572 2285 2240 1217 2005 1704 494 
59.0076 2285 2240 1217 2005 1704 494 
59.0579 2287 2231 1224 1953 1704 491 
59.1082 2287 2231 1224 1953 1704 491 
59.1586 2295 2220 1231 1900 1704 491 
59.2089 2295 2220 1231 1900 1704 491 
59.2571 2306 2211 1237 1846 1704 491 
59.3075 2306 2211 1237 1846 1704 491 
59.3578 2322 2206 1241 1795 1705 491 
59.4081 2322 2206 1241 1795 1705 491 
59.4585 2341 2202 1244 1750 1704 492 
59.5088 2341 2202 1244 1750 1704 492 
59.557 2360 2197 1249 1710 1707 495 
59.6073 2360 2197 1249 1710 1707 495 
59.6577 2377 2190 1256 1672 1718 500 
59.708 2377 2190 1256 1672 1718 500 
59.7583 2396 2180 1266 1634 1742 502 
59.8087 2396 2180 1266 1634 1742 502 
59.8569 2418 2172 1272 1606 1765 502 
59.9072 2418 2172 1272 1606 1765 502 
59.9576 2444 2166 1275 1589 1794 502 
60.0079 2444 2166 1275 1589 1794 502 
60.0582 2457 2160 1275 1577 1828 502 
60.1086 2457 2160 1275 1577 1828 502 
60.1589 2460 2153 1273 1573 1839 499 
60.2071 2460 2153 1273 1573 1839 499 
60.2575 2458 2145 1262 1573 1840 496 
60.3078 2458 2145 1262 1573 1840 496 
60.3581 2455 2138 1247 1573 1839 493 
60.4085 2455 2138 1247 1573 1839 493 
60.4588 2438 2133 1224 1575 1839 493 
60.507 2438 2133 1224 1575 1839 493 
60.5574 2414 2132 1210 1577 1839 492 
60.6077 2414 2132 1210 1577 1839 492 
60.658 2384 2134 1205 1580 1839 492 
60.7084 2384 2134 1205 1580 1839 492 
60.7587 2343 2138 1210 1599 1839 491 
60.8069 2343 2138 1210 1599 1839 491 
60.8573 2309 2146 1215 1647 1840 491 
60.9076 2309 2146 1215 1647 1840 491 
60.9579 2281 2157 1224 1710 1839 490 
61.0082 2281 2157 1224 1710 1839 490 
61.0586 2255 2170 1237 1766 1838 490 
61.1068 2255 2170 1237 1766 1838 490 
61.1571 2232 2187 1250 1819 1836 490 
61.2075 2232 2187 1250 1819 1836 490 
61.2578 2219 2201 1262 1872 1835 490 
61.3081 2219 2201 1262 1872 1835 490 
61.3585 2216 2212 1270 1923 1835 490 
61.4088 2216 2212 1270 1923 1835 490 
61.457 2216 2221 1278 1965 1838 490 
61.5074 2216 2221 1278 1965 1838 490 
61.5577 2217 2231 1289 2003 1839 490 
61.608 2217 2231 1289 2003 1839 490 
61.6584 2216 2240 1303 2050 1839 490 
61.7087 2216 2240 1303 2050 1839 490 
61.7569 2217 2247 1320 2098 1840 490 
61.8073 2217 2247 1320 2098 1840 490 
61.8576 2219 2253 1346 2119 1839 490 
61.9079 2219 2253 1346 2119 1839 490 
61.9583 2220 2257 1374 2115 1840 491 
62.0086 2220 2257 1374 2115 1840 491 
62.0589 2226 2258 1409 2114 1840 491 
62.1072 2226 2258 1409 2114 1840 491 
62.1575 2233 2258 1447 2113 1840 491 
62.2078 2233 2258 1447 2113 1840 491 
62.2582 2235 2259 1476 2113 1839 490 
62.3085 2235 2259 1476 2113 1839 490 
62.3588 2234 2258 1491 2113 1839 488 
62.4071 2234 2258 1491 2113 1839 488 
62.4574 2235 2257 1486 2113 1839 487 
62.5077 2235 2257 1486 2113 1839 487 
62.558 2231 2254 1478 2113 1839 489 
62.6084 2231 2254 1478 2113 1839 489 
62.6587 2220 2250 1458 2113 1839 497 
62.7069 2220 2250 1458 2113 1839 497 
62.7573 2198 2247 1421 2113 1836 507 
62.8076 2198 2247 1421 2113 1836 507 
62.8579 2186 2238 1383 2113 1835 510 
62.9083 2186 2238 1383 2113 1835 510 
62.9586 2174 2227 1335 2110 1835 509 
63.0089 2174 2227 1335 2110 1835 509 
63.0572 2172 2210 1287 2088 1835 508 
63.1075 2172 2210 1287 2088 1835 508 
63.1578 2173 2191 1250 2054 1835 508 
63.2082 2173 2191 1250 2054 1835 508 
63.2585 2174 2174 1230 2010 1835 507 
63.3088 2174 2174 1230 2010 1835 507 
63.3571 2174 2160 1229 1971 1834 507 
63.4074 2174 2160 1229 1971 1834 507 
63.4577 2176 2151 1236 1950 1834 505 
63.5081 2176 2151 1236 1950 1834 505 
63.5584 2177 2146 1239 1943 1834 502 
63.6087 2177 2146 1239 1943 1834 502 
63.657 2176 2140 1243 1940 1835 499 
63.7073 2176 2140 1243 1940 1835 499 
63.7576 2177 2138 1248 1940 1835 495 
63.8079 2177 2138 1248 1940 1835 495 
63.8583 2179 2141 1260 1940 1835 492 
63.9086 2179 2141 1260 1940 1835 492 
63.9589 2185 2145 1280 1941 1837 492 
64.0072 2185 2145 1280 1941 1837 492 
64.0575 2197 2153 1305 1944 1838 492 
64.1078 2197 2153 1305 1944 1838 492 
64.1582 2218 2162 1332 1944 1838 492 
64.2085 2218 2162 1332 1944 1838 492 
64.2588 2245 2168 1362 1940 1838 492 
64.3071 2245 2168 1362 1940 1838 492 
64.3574 2271 2173 1396 1940 1839 492 
64.4077 2271 2173 1396 1940 1839 492 
64.4581 2292 2176 1434 1944 1839 493 
64.5084 2292 2176 1434 1944 1839 493 
64.5587 2306 2177 1472 1945 1839 494 
64.607 2306 2177 1472 1945 1839 494 
64.6573 2315 2177 1514 1943 1839 497 
64.7076 2315 2177 1514 1943 1839 497 
64.758 2315 2173 1571 1941 1840 500 
64.8083 2315 2173 1571 1941 1840 500 
64.8586 2315 2168 1629 1944 1839 503 
64.9069 2315 2168 1629 1944 1839 503 
64.9572 2315 2162 1685 1945 1839 503 
65.0075 2315 2162 1685 1945 1839 503 
65.0578 2315 2154 1747 1945 1839 503 
65.1082 2315 2154 1747 1945 1839 503 
65.1585 2315 2147 1807 1944 1840 503 
65.2088 2315 2147 1807 1944 1840 503 
65.2571 2316 2141 1864 1945 1839 503 
65.3074 2316 2141 1864 1945 1839 503 
65.3577 2318 2136 1918 1945 1839 503 
65.4081 2318 2136 1918 1945 1839 503 
65.4584 2327 2131 1962 1945 1839 503 
65.5087 2327 2131 1962 1945 1839 503 
65.557 2351 2124 1992 1945 1839 503 
65.6073 2351 2124 1992 1945 1839 503 
65.6576 2392 2118 2001 1945 1840 503 
65.708 2392 2118 2001 1945 1840 503 
65.7583 2453 2112 2002 1946 1841 503 
65.8086 2453 2112 2002 1946 1841 503 
65.859 2521 2105 2001 1946 1847 503 
65.9072 2521 2105 2001 1946 1847 503 
65.9575 2585 2101 2002 1950 1872 503 
66.0079 2585 2101 2002 1950 1872 503 
66.0582 2640 2098 2000 1953 1913 503 
66.1085 2640 2098 2000 1953 1913 503 
66.1589 2688 2094 1997 1953 1946 503 
66.2071 2688 2094 1997 1953 1946 503 
66.2574 2734 2088 1996 1953 1966 503 
66.3078 2734 2088 1996 1953 1966 503 
66.3581 2778 2082 1997 1953 1967 503 
66.4084 2778 2082 1997 1953 1967 503 
66.4587 2816 2078 1996 1953 1967 503 
66.507 2816 2078 1996 1953 1967 503 
66.5573 2843 2077 1996 1953 1967 504 
66.6076 2843 2077 1996 1953 1967 504 
66.658 2867 2076 1999 1953 1967 504 
66.7083 2867 2076 1999 1953 1967 504 
66.7586 2890 2076 2002 1953 1967 504 
66.809 2890 2076 2002 1953 1967 504 
66.8572 2909 2076 2002 1953 1967 507 
66.9075 2909 2076 2002 1953 1967 507 
66.9579 2920 2076 2002 1953 1967 509 
67.0082 2920 2076 2002 1953 1967 509 
67.0585 2923 2076 2004 1952 1967 514 
67.1089 2923 2076 2004 1952 1967 514 
67.1571 2923 2076 2008 1953 1967 518 
67.2074 2923 2076 2008 1953 1967 518 
67.2578 2923 2076 2010 1953 1967 520 
67.3081 2923 2076 2010 1953 1967 520 
67.3584 2923 2078 2011 1953 1967 520 
67.4088 2923 2078 2011 1953 1967 520 
67.457 2923 2080 2011 1953 1967 520 
67.5073 2923 2080 2011 1953 1967 520 
67.5577 2923 2080 2011 1953 1967 521 
67.608 2923 2080 2011 1953 1967 521 
67.6583 2923 2080 2011 1953 1967 521 
67.7086 2923 2080 2011 1953 1967 521 
67.7569 2923 2080 2011 1953 1967 521 
67.8072 2923 2080 2011 1953 1967 521 
