1.01083 2903 2060 1883 2001 2106 583 
1.06116 2903 2060 1883 2001 2106 583 
1.11149 2903 2060 1872 2001 2106 583 
1.16182 2903 2060 1872 2001 2106 583 
1.21215 2903 2059 1848 2001 2106 583 
1.26249 2903 2059 1848 2001 2106 583 
1.31282 2903 2059 1811 2001 2106 583 
1.36315 2903 2059 1811 2001 2106 583 
1.41348 2903 2055 1780 2001 2106 582 
1.45962 2903 2055 1780 2001 2106 582 
1.50995 2903 2054 1753 2002 2106 578 
1.56028 2903 2054 1753 2002 2106 578 
1.61061 2899 2053 1718 2001 2106 571 
1.66094 2899 2053 1718 2001 2106 571 
1.71128 2897 2053 1675 2001 2105 563 
1.76161 2897 2053 1675 2001 2105 563 
1.81194 2897 2053 1641 2001 2106 555 
1.86227 2897 2053 1641 2001 2106 555 
1.9126 2897 2053 1610 2001 2105 547 
1.96293 2897 2053 1610 2001 2105 547 
2.01327 2897 2053 1568 2000 2099 544 
2.0594 2897 2053 1568 2000 2099 544 
2.10974 2896 2052 1521 1993 2087 541 
2.16007 2896 2052 1521 1993 2087 541 
2.2104 2896 2051 1484 1978 2068 536 
2.26073 2896 2051 1484 1978 2068 536 
2.31106 2896 2051 1446 1964 2049 528 
2.36139 2896 2051 1446 1964 2049 528 
2.41172 2896 2051 1406 1948 2037 518 
2.46206 2896 2051 1406 1948 2037 518 
2.51239 2896 2050 1368 1927 2023 508 
2.56272 2896 2050 1368 1927 2023 508 
2.61305 2895 2048 1334 1899 1988 495 
2.66338 2895 2048 1334 1899 1988 495 
2.70952 2896 2044 1307 1864 1934 485 
2.75985 2896 2044 1307 1864 1934 485 
2.81018 2895 2038 1288 1833 1849 480 
2.86052 2895 2038 1288 1833 1849 480 
2.91085 2895 2033 1280 1801 1742 478 
2.96118 2895 2033 1280 1801 1742 478 
3.01151 2888 2027 1274 1775 1630 476 
3.06184 2888 2027 1274 1775 1630 476 
3.11217 2880 2022 1258 1766 1584 470 
3.16251 2880 2022 1258 1766 1584 470 
3.21284 2869 2020 1218 1761 1584 459 
3.26317 2869 2020 1218 1761 1584 459 
3.3135 2859 2011 1171 1761 1584 447 
3.35964 2859 2011 1171 1761 1584 447 
3.40997 2848 2002 1113 1761 1584 440 
3.4603 2848 2002 1113 1761 1584 440 
3.51063 2837 1997 1055 1761 1583 440 
3.56096 2837 1997 1055 1761 1583 440 
3.6113 2834 1993 1003 1761 1583 444 
3.66163 2834 1993 1003 1761 1583 444 
3.71196 2834 1992 954 1762 1583 451 
3.76229 2834 1992 954 1762 1583 451 
3.81262 2834 1989 909 1762 1583 462 
3.86295 2834 1989 909 1762 1583 462 
3.91329 2834 1982 875 1760 1584 473 
3.95942 2834 1982 875 1760 1584 473 
4.00975 2834 1973 857 1745 1587 481 
4.06009 2834 1973 857 1745 1587 481 
4.11042 2834 1972 852 1714 1593 488 
4.16075 2834 1972 852 1714 1593 488 
4.21108 2834 1974 852 1681 1601 496 
4.26141 2834 1974 852 1681 1601 496 
4.31174 2834 1977 851 1643 1606 508 
4.36208 2834 1977 851 1643 1606 508 
4.41241 2834 1979 856 1576 1612 519 
4.46274 2834 1979 856 1576 1612 519 
4.51307 2834 1984 861 1488 1615 528 
4.5634 2834 1984 861 1488 1615 528 
4.60954 2834 1991 869 1401 1619 528 
4.65987 2834 1991 869 1401 1619 528 
4.7102 2834 1995 877 1329 1626 524 
4.76054 2834 1995 877 1329 1626 524 
4.81087 2834 1998 892 1272 1628 514 
4.8612 2834 1998 892 1272 1628 514 
4.91153 2834 2001 917 1226 1630 502 
4.96186 2834 2001 917 1226 1630 502 
5.01219 2834 2004 956 1182 1630 487 
5.06252 2834 2004 956 1182 1630 487 
5.11286 2835 2006 1006 1133 1630 477 
5.16319 2835 2006 1006 1133 1630 477 
5.21352 2834 2008 1048 1110 1641 469 
5.25966 2834 2008 1048 1110 1641 469 
5.30999 2834 2008 1091 1101 1668 464 
5.36032 2834 2008 1091 1101 1668 464 
5.41065 2835 2009 1132 1093 1688 457 
5.46098 2835 2009 1132 1093 1688 457 
5.51132 2834 2012 1167 1089 1717 452 
5.56165 2834 2012 1167 1089 1717 452 
5.61198 2835 2017 1199 1094 1761 450 
5.66231 2835 2017 1199 1094 1761 450 
5.71264 2834 2025 1234 1095 1797 449 
5.76297 2834 2025 1234 1095 1797 449 
5.81331 2835 2030 1265 1090 1817 449 
5.85944 2835 2030 1265 1090 1817 449 
5.90977 2835 2029 1296 1092 1828 450 
5.96011 2835 2029 1296 1092 1828 450 
6.01044 2834 2030 1327 1098 1844 457 
6.06077 2834 2030 1327 1098 1844 457 
6.1111 2835 2033 1350 1118 1872 468 
6.16143 2835 2033 1350 1118 1872 468 
6.21176 2834 2036 1363 1165 1901 477 
6.2621 2834 2036 1363 1165 1901 477 
6.31243 2835 2035 1377 1220 1902 484 
6.36276 2835 2035 1377 1220 1902 484 
6.41309 2834 2035 1383 1270 1901 490 
6.46342 2834 2035 1383 1270 1901 490 
6.50956 2834 2036 1387 1317 1902 496 
6.55989 2834 2036 1387 1317 1902 496 
6.61022 2834 2036 1389 1376 1900 508 
6.66055 2834 2036 1389 1376 1900 508 
6.71089 2834 2037 1392 1450 1899 519 
6.76122 2834 2037 1392 1450 1899 519 
6.81155 2834 2037 1398 1524 1897 531 
6.86188 2834 2037 1398 1524 1897 531 
6.91221 2835 2038 1396 1591 1897 542 
6.96254 2835 2038 1396 1591 1897 542 
7.01288 2834 2039 1391 1639 1896 547 
7.06321 2834 2039 1391 1639 1896 547 
7.11354 2834 2038 1387 1662 1896 547 
7.15968 2834 2038 1387 1662 1896 547 
7.21001 2834 2034 1374 1659 1892 547 
7.26034 2834 2034 1374 1659 1892 547 
7.31067 2834 2027 1354 1655 1892 545 
7.361 2834 2027 1354 1655 1892 545 
7.41133 2834 2019 1340 1632 1892 543 
7.46167 2834 2019 1340 1632 1892 543 
7.512 2834 2016 1340 1578 1892 536 
7.56233 2834 2016 1340 1578 1892 536 
7.61266 2834 2019 1349 1511 1892 527 
7.66299 2834 2019 1349 1511 1892 527 
7.71333 2834 2022 1357 1477 1892 516 
7.75946 2834 2022 1357 1477 1892 516 
7.80979 2834 2024 1359 1481 1892 507 
7.86013 2834 2024 1359 1481 1892 507 
7.91046 2834 2027 1354 1498 1892 497 
7.96079 2834 2027 1354 1498 1892 497 
8.01112 2834 2028 1352 1521 1892 487 
8.06145 2834 2028 1352 1521 1892 487 
8.11178 2834 2030 1350 1551 1892 480 
8.16212 2834 2030 1350 1551 1892 480 
8.21245 2834 2034 1347 1585 1892 474 
8.26278 2834 2034 1347 1585 1892 474 
8.31311 2834 2038 1346 1620 1890 467 
8.36344 2834 2038 1346 1620 1890 467 
8.40958 2834 2043 1346 1653 1879 460 
8.45991 2834 2043 1346 1653 1879 460 
8.51024 2834 2048 1348 1686 1849 450 
8.56057 2834 2048 1348 1686 1849 450 
8.61091 2834 2049 1349 1721 1813 441 
8.66124 2834 2049 1349 1721 1813 441 
8.71157 2834 2049 1346 1755 1777 438 
8.7619 2834 2049 1346 1755 1777 438 
8.81223 2834 2049 1347 1794 1746 435 
8.86256 2834 2049 1347 1794 1746 435 
8.9129 2834 2050 1355 1840 1751 433 
8.96323 2834 2050 1355 1840 1751 433 
9.01356 2834 2053 1378 1892 1751 433 
9.0597 2834 2053 1378 1892 1751 433 
9.11003 2834 2056 1406 1948 1751 435 
9.16036 2834 2056 1406 1948 1751 435 
9.21069 2833 2060 1427 2009 1746 439 
9.26102 2833 2060 1427 2009 1746 439 
9.31135 2833 2062 1433 2060 1746 441 
9.36169 2833 2062 1433 2060 1746 441 
9.41202 2833 2063 1427 2094 1746 448 
9.46235 2833 2063 1427 2094 1746 448 
9.51268 2827 2064 1415 2112 1746 451 
9.56301 2827 2064 1415 2112 1746 451 
9.61335 2811 2061 1406 2105 1746 457 
9.65948 2811 2061 1406 2105 1746 457 
9.70981 2791 2055 1407 2076 1746 466 
9.76015 2791 2055 1407 2076 1746 466 
9.81048 2778 2054 1412 2018 1749 473 
9.86081 2778 2054 1412 2018 1749 473 
9.91114 2778 2055 1417 1943 1750 479 
9.96147 2778 2055 1417 1943 1750 479 
10.0118 2778 2054 1440 1885 1746 486 
10.0621 2778 2054 1440 1885 1746 486 
10.1125 2778 2054 1447 1869 1746 494 
10.1628 2778 2054 1447 1869 1746 494 
10.2131 2773 2056 1445 1869 1746 505 
10.2635 2773 2056 1445 1869 1746 505 
10.3096 2752 2063 1451 1873 1747 515 
10.3599 2752 2063 1451 1873 1747 515 
10.4103 2739 2084 1457 1872 1751 522 
10.4606 2739 2084 1457 1872 1751 522 
10.5109 2737 2109 1465 1870 1749 531 
10.5613 2737 2109 1465 1870 1749 531 
10.6116 2737 2131 1469 1868 1746 541 
10.6619 2737 2131 1469 1868 1746 541 
10.7123 2736 2151 1467 1868 1746 548 
10.7626 2736 2151 1467 1868 1746 548 
10.8129 2734 2168 1459 1865 1746 552 
10.8632 2734 2168 1459 1865 1746 552 
10.9094 2720 2183 1445 1865 1746 553 
10.9597 2720 2183 1445 1865 1746 553 
11.01 2700 2191 1424 1865 1745 553 
11.0604 2700 2191 1424 1865 1745 553 
11.1107 2668 2193 1395 1865 1745 553 
11.161 2668 2193 1395 1865 1745 553 
11.2114 2633 2195 1363 1866 1745 552 
11.2617 2633 2195 1363 1866 1745 552 
11.312 2599 2200 1334 1865 1745 549 
11.3624 2599 2200 1334 1865 1745 549 
11.4127 2571 2201 1317 1865 1745 547 
11.463 2571 2201 1317 1865 1745 547 
11.5134 2556 2196 1308 1857 1746 545 
11.5595 2556 2196 1308 1857 1746 545 
11.6098 2554 2185 1307 1832 1745 543 
11.6602 2554 2185 1307 1832 1745 543 
11.7105 2554 2180 1306 1816 1745 541 
11.7608 2554 2180 1306 1816 1745 541 
11.8112 2554 2183 1305 1814 1745 537 
11.8615 2554 2183 1305 1814 1745 537 
11.9118 2546 2197 1301 1820 1738 533 
11.9622 2546 2197 1301 1820 1738 533 
12.0125 2522 2223 1294 1827 1713 526 
12.0628 2522 2223 1294 1827 1713 526 
12.1131 2502 2247 1298 1842 1673 522 
12.1635 2502 2247 1298 1842 1673 522 
12.2096 2494 2265 1305 1868 1648 519 
12.26 2494 2265 1305 1868 1648 519 
12.3103 2494 2280 1322 1899 1630 517 
12.3606 2494 2280 1322 1899 1630 517 
12.4109 2494 2290 1348 1921 1612 513 
12.4613 2494 2290 1348 1921 1612 513 
12.5116 2493 2294 1349 1931 1604 507 
12.5619 2493 2294 1349 1931 1604 507 
12.6123 2486 2294 1335 1930 1602 502 
12.6626 2486 2294 1335 1930 1602 502 
12.7129 2464 2287 1312 1926 1602 498 
12.7633 2464 2287 1312 1926 1602 498 
12.8094 2447 2267 1288 1917 1602 495 
12.8597 2447 2267 1288 1917 1602 495 
12.9101 2432 2248 1262 1914 1602 495 
12.9604 2432 2248 1262 1914 1602 495 
13.0107 2424 2231 1231 1906 1602 495 
13.0611 2424 2231 1231 1906 1602 495 
13.1114 2424 2216 1207 1871 1602 495 
13.1617 2424 2216 1207 1871 1602 495 
13.2121 2424 2205 1198 1813 1602 494 
13.2624 2424 2205 1198 1813 1602 494 
13.3127 2425 2199 1202 1743 1602 490 
13.3631 2425 2199 1202 1743 1602 490 
13.4134 2424 2191 1210 1674 1603 488 
13.4595 2424 2191 1210 1674 1603 488 
13.5099 2429 2187 1216 1626 1608 487 
13.5602 2429 2187 1216 1626 1608 487 
13.6105 2438 2182 1238 1593 1611 486 
13.6608 2438 2182 1238 1593 1611 486 
13.7112 2441 2180 1270 1590 1612 485 
13.7615 2441 2180 1270 1590 1612 485 
13.8118 2441 2180 1320 1591 1611 485 
13.8622 2441 2180 1320 1591 1611 485 
13.9125 2441 2179 1385 1594 1611 483 
13.9628 2441 2179 1385 1594 1611 483 
14.0132 2441 2180 1456 1595 1613 483 
14.0635 2441 2180 1456 1595 1613 483 
14.1096 2441 2179 1524 1595 1633 480 
14.16 2441 2179 1524 1595 1633 480 
14.2103 2441 2182 1566 1610 1681 476 
14.2606 2441 2182 1566 1610 1681 476 
14.311 2441 2185 1590 1650 1739 470 
14.3613 2441 2185 1590 1650 1739 470 
14.4116 2441 2183 1608 1694 1805 465 
14.462 2441 2183 1608 1694 1805 465 
14.5123 2441 2181 1624 1715 1867 465 
14.5626 2441 2181 1624 1715 1867 465 
14.613 2441 2180 1647 1710 1923 466 
14.6633 2441 2180 1647 1710 1923 466 
14.7094 2441 2175 1667 1709 1949 473 
14.7598 2441 2175 1667 1709 1949 473 
14.8101 2441 2169 1671 1705 1953 485 
14.8604 2441 2169 1671 1705 1953 485 
14.9108 2441 2164 1667 1665 1953 502 
14.9611 2441 2164 1667 1665 1953 502 
15.0114 2441 2159 1655 1596 1948 517 
15.0617 2441 2159 1655 1596 1948 517 
15.1121 2441 2156 1631 1513 1949 533 
15.1624 2441 2156 1631 1513 1949 533 
15.2127 2441 2148 1612 1439 1953 545 
15.2631 2441 2148 1612 1439 1953 545 
15.3134 2441 2138 1609 1388 1953 553 
15.3595 2441 2138 1609 1388 1953 553 
15.4099 2441 2130 1615 1375 1957 553 
15.4602 2441 2130 1615 1375 1957 553 
15.5105 2444 2123 1625 1381 1967 551 
15.5609 2444 2123 1625 1381 1967 551 
15.6112 2444 2124 1625 1392 1965 545 
15.6615 2444 2124 1625 1392 1965 545 
15.7119 2444 2127 1620 1423 1962 537 
15.7622 2444 2127 1620 1423 1962 537 
15.8125 2444 2131 1610 1482 1962 530 
15.8629 2444 2131 1610 1482 1962 530 
15.9132 2444 2131 1602 1554 1961 522 
15.9635 2444 2131 1602 1554 1961 522 
16.0097 2444 2131 1589 1614 1961 516 
16.06 2444 2131 1589 1614 1961 516 
16.1103 2444 2132 1567 1658 1956 507 
16.1607 2444 2132 1567 1658 1956 507 
16.211 2444 2134 1541 1689 1948 500 
16.2613 2444 2134 1541 1689 1948 500 
16.3116 2444 2135 1520 1719 1931 494 
16.362 2444 2135 1520 1719 1931 494 
16.4123 2444 2138 1513 1746 1909 490 
16.4626 2444 2138 1513 1746 1909 490 
16.513 2444 2141 1516 1772 1906 487 
16.5633 2444 2141 1516 1772 1906 487 
16.6094 2444 2143 1522 1794 1906 487 
16.6598 2444 2143 1522 1794 1906 487 
16.7101 2445 2142 1527 1798 1906 485 
16.7604 2445 2142 1527 1798 1906 485 
16.8108 2445 2139 1526 1792 1906 481 
16.8611 2445 2139 1526 1792 1906 481 
16.9114 2445 2131 1520 1780 1906 473 
16.9618 2445 2131 1520 1780 1906 473 
17.0121 2444 2119 1508 1751 1906 465 
17.0624 2444 2119 1508 1751 1906 465 
17.1128 2445 2105 1495 1718 1906 458 
17.1631 2445 2105 1495 1718 1906 458 
17.2134 2445 2089 1491 1684 1906 457 
17.2596 2445 2089 1491 1684 1906 457 
17.3099 2445 2078 1491 1645 1906 458 
17.3602 2445 2078 1491 1645 1906 458 
17.4106 2445 2070 1498 1621 1910 466 
17.4609 2445 2070 1498 1621 1910 466 
17.5112 2445 2065 1506 1622 1909 472 
17.5616 2445 2065 1506 1622 1909 472 
17.6119 2445 2069 1510 1627 1906 477 
17.6622 2445 2069 1510 1627 1906 477 
17.7125 2445 2080 1505 1649 1906 481 
17.7629 2445 2080 1505 1649 1906 481 
17.8132 2445 2104 1505 1698 1906 487 
17.8635 2445 2104 1505 1698 1906 487 
17.9097 2445 2128 1514 1761 1906 495 
17.96 2445 2128 1514 1761 1906 495 
18.0103 2445 2148 1532 1805 1907 507 
18.0607 2445 2148 1532 1805 1907 507 
18.111 2445 2170 1554 1814 1906 518 
18.1613 2445 2170 1554 1814 1906 518 
18.2117 2445 2189 1573 1811 1906 529 
18.262 2445 2189 1573 1811 1906 529 
18.3123 2445 2207 1583 1815 1906 541 
18.3627 2445 2207 1583 1815 1906 541 
18.413 2445 2222 1577 1815 1905 550 
18.4633 2445 2222 1577 1815 1905 550 
18.5095 2442 2236 1567 1815 1905 555 
18.5598 2442 2236 1567 1815 1905 555 
18.6101 2432 2246 1547 1816 1905 559 
18.6605 2432 2246 1547 1816 1905 559 
18.7108 2420 2248 1521 1816 1904 560 
18.7611 2420 2248 1521 1816 1904 560 
18.8115 2410 2242 1490 1818 1892 560 
18.8618 2410 2242 1490 1818 1892 560 
18.9121 2405 2230 1456 1819 1855 555 
18.9624 2405 2230 1456 1819 1855 555 
19.0128 2405 2211 1430 1818 1806 545 
19.0631 2405 2211 1430 1818 1806 545 
19.1134 2405 2187 1423 1813 1764 536 
19.1596 2405 2187 1423 1813 1764 536 
19.2099 2405 2164 1425 1796 1746 529 
19.2602 2405 2164 1425 1796 1746 529 
19.3106 2405 2146 1426 1754 1746 520 
19.3609 2405 2146 1426 1754 1746 520 
19.4112 2405 2137 1423 1688 1746 512 
19.4616 2405 2137 1423 1688 1746 512 
19.5119 2404 2134 1421 1607 1747 507 
19.5622 2404 2134 1421 1607 1747 507 
19.6126 2404 2129 1419 1541 1751 500 
19.6629 2404 2129 1419 1541 1751 500 
19.7132 2405 2118 1427 1498 1751 495 
19.7636 2405 2118 1427 1498 1751 495 
19.8097 2406 2112 1438 1460 1752 494 
19.86 2406 2112 1438 1460 1752 494 
19.9104 2408 2107 1459 1430 1752 494 
19.9607 2408 2107 1459 1430 1752 494 
20.011 2412 2108 1486 1421 1752 494 
20.0614 2412 2108 1486 1421 1752 494 
20.1117 2413 2111 1521 1430 1752 497 
20.162 2413 2111 1521 1430 1752 497 
20.2124 2413 2117 1545 1446 1751 502 
20.2627 2413 2117 1545 1446 1751 502 
20.313 2413 2127 1558 1484 1752 507 
20.3633 2413 2127 1558 1484 1752 507 
20.4095 2413 2134 1567 1556 1752 507 
20.4598 2413 2134 1567 1556 1752 507 
20.5101 2413 2135 1580 1656 1751 507 
20.5605 2413 2135 1580 1656 1751 507 
20.6108 2413 2133 1605 1753 1751 508 
20.6611 2413 2133 1605 1753 1751 508 
20.7115 2413 2131 1633 1830 1751 509 
20.7618 2413 2131 1633 1830 1751 509 
20.8121 2413 2132 1660 1875 1751 516 
20.8625 2413 2132 1660 1875 1751 516 
20.9128 2413 2135 1673 1883 1751 523 
20.9631 2413 2135 1673 1883 1751 523 
21.0135 2413 2135 1681 1883 1751 530 
21.0596 2413 2135 1681 1883 1751 530 
21.1099 2413 2134 1696 1878 1752 531 
21.1603 2413 2134 1696 1878 1752 531 
21.2106 2413 2131 1729 1880 1772 528 
21.2609 2413 2131 1729 1880 1772 528 
21.3113 2413 2129 1756 1884 1846 525 
21.3616 2413 2129 1756 1884 1846 525 
21.4119 2413 2132 1761 1884 1949 523 
21.4623 2413 2132 1761 1884 1949 523 
21.5126 2413 2132 1762 1884 2038 520 
21.5629 2413 2132 1762 1884 2038 520 
21.6132 2417 2131 1770 1884 2088 516 
21.6594 2417 2131 1770 1884 2088 516 
21.7097 2422 2131 1788 1884 2118 513 
21.76 2422 2131 1788 1884 2118 513 
21.8104 2423 2130 1810 1883 2122 511 
21.8607 2423 2130 1810 1883 2122 511 
21.911 2423 2129 1819 1878 2116 509 
21.9614 2423 2129 1819 1878 2116 509 
22.0117 2423 2120 1809 1878 2116 508 
22.062 2423 2120 1809 1878 2116 508 
22.1124 2423 2110 1779 1868 2113 508 
22.1627 2423 2110 1779 1868 2113 508 
22.213 2423 2097 1749 1818 2113 508 
22.2634 2423 2097 1749 1818 2113 508 
22.3095 2423 2086 1714 1743 2113 508 
22.3598 2423 2086 1714 1743 2113 508 
22.4102 2423 2076 1681 1675 2113 509 
22.4605 2423 2076 1681 1675 2113 509 
22.5108 2423 2066 1652 1625 2113 515 
22.5612 2423 2066 1652 1625 2113 515 
22.6115 2423 2056 1627 1592 2113 521 
22.6618 2423 2056 1627 1592 2113 521 
22.7122 2422 2048 1613 1553 2113 528 
22.7625 2422 2048 1613 1553 2113 528 
22.8128 2422 2042 1608 1525 2113 533 
22.8632 2422 2042 1608 1525 2113 533 
22.9135 2423 2041 1595 1525 2112 532 
22.9596 2423 2041 1595 1525 2112 532 
23.01 2423 2042 1562 1533 2097 527 
23.0603 2423 2042 1562 1533 2097 527 
23.1106 2423 2041 1517 1548 2054 519 
23.1609 2423 2041 1517 1548 2054 519 
23.2113 2422 2039 1476 1569 2008 513 
23.2616 2422 2039 1476 1569 2008 513 
23.3119 2421 2039 1446 1605 1971 508 
23.3623 2421 2039 1446 1605 1971 508 
23.4126 2421 2042 1427 1657 1962 502 
23.4629 2421 2042 1427 1657 1962 502 
23.5133 2421 2048 1416 1725 1960 495 
23.5594 2421 2048 1416 1725 1960 495 
23.6097 2420 2056 1413 1787 1945 490 
23.6601 2420 2056 1413 1787 1945 490 
23.7104 2420 2066 1410 1834 1890 490 
23.7607 2420 2066 1410 1834 1890 490 
23.8111 2417 2074 1403 1853 1804 490 
23.8614 2417 2074 1403 1853 1804 490 
23.9117 2416 2076 1391 1850 1704 490 
23.9621 2416 2076 1391 1850 1704 490 
24.0124 2415 2071 1376 1846 1614 490 
24.0627 2415 2071 1376 1846 1614 490 
24.1131 2415 2064 1365 1826 1567 490 
24.1634 2415 2064 1365 1826 1567 490 
24.2095 2415 2061 1356 1803 1574 490 
24.2599 2415 2061 1356 1803 1574 490 
24.3102 2415 2057 1355 1741 1589 490 
24.3605 2415 2057 1355 1741 1589 490 
24.4108 2415 2057 1356 1656 1605 490 
24.4612 2415 2057 1356 1656 1605 490 
24.5115 2415 2058 1362 1558 1614 491 
24.5618 2415 2058 1362 1558 1614 491 
24.6122 2419 2057 1370 1471 1623 495 
24.6625 2419 2057 1370 1471 1623 495 
24.7128 2432 2057 1392 1427 1658 508 
24.7632 2432 2057 1392 1427 1658 508 
24.8135 2436 2061 1424 1434 1710 519 
24.8596 2436 2061 1424 1434 1710 519 
24.91 2437 2068 1464 1466 1755 530 
24.9603 2437 2068 1464 1466 1755 530 
25.0106 2437 2074 1503 1510 1770 539 
25.061 2437 2074 1503 1510 1770 539 
25.1113 2437 2078 1537 1558 1779 543 
25.1616 2437 2078 1537 1558 1779 543 
25.212 2437 2081 1564 1602 1799 540 
25.2623 2437 2081 1564 1602 1799 540 
25.3126 2437 2082 1592 1641 1823 535 
25.363 2437 2082 1592 1641 1823 535 
25.4133 2436 2082 1622 1676 1826 528 
25.4594 2436 2082 1622 1676 1826 528 
25.5098 2437 2086 1647 1708 1824 519 
25.5601 2437 2086 1647 1708 1824 519 
25.6104 2437 2092 1652 1744 1820 511 
25.6608 2437 2092 1652 1744 1820 511 
25.7111 2437 2099 1648 1788 1819 507 
25.7614 2437 2099 1648 1788 1819 507 
25.8117 2437 2109 1652 1851 1820 503 
25.8621 2437 2109 1652 1851 1820 503 
25.9124 2437 2113 1665 1907 1824 500 
25.9627 2437 2113 1665 1907 1824 500 
26.0131 2438 2116 1697 1954 1819 495 
26.0634 2438 2116 1697 1954 1819 495 
26.1095 2438 2121 1711 1993 1819 490 
26.1599 2438 2121 1711 1993 1819 490 
26.2102 2438 2124 1705 1999 1819 489 
26.2605 2438 2124 1705 1999 1819 489 
26.3109 2437 2120 1691 1997 1818 487 
26.3612 2437 2120 1691 1997 1818 487 
26.4115 2437 2116 1671 1984 1818 487 
26.4619 2437 2116 1671 1984 1818 487 
26.5122 2438 2110 1672 1937 1820 487 
26.5625 2438 2110 1672 1937 1820 487 
26.6129 2438 2105 1678 1870 1824 488 
26.6632 2438 2105 1678 1870 1824 488 
26.7135 2438 2103 1694 1802 1824 490 
26.7597 2438 2103 1694 1802 1824 490 
26.81 2438 2103 1707 1753 1824 495 
26.8603 2438 2103 1707 1753 1824 495 
26.9107 2438 2099 1724 1721 1824 505 
26.961 2438 2099 1724 1721 1824 505 
27.0113 2438 2094 1746 1699 1824 511 
27.0616 2438 2094 1746 1699 1824 511 
27.112 2437 2090 1776 1699 1824 513 
27.1623 2437 2090 1776 1699 1824 513 
27.2126 2438 2094 1816 1706 1825 513 
27.263 2438 2094 1816 1706 1825 513 
27.3133 2438 2100 1857 1731 1826 512 
27.3594 2438 2100 1857 1731 1826 512 
27.4098 2438 2102 1883 1776 1828 510 
27.4601 2438 2102 1883 1776 1828 510 
27.5104 2438 2102 1894 1823 1839 508 
27.5608 2438 2102 1894 1823 1839 508 
27.6111 2438 2105 1890 1864 1859 507 
27.6614 2438 2105 1890 1864 1859 507 
27.7118 2438 2108 1886 1898 1888 505 
27.7621 2438 2108 1886 1898 1888 505 
27.8124 2438 2112 1882 1921 1897 502 
27.8628 2438 2112 1882 1921 1897 502 
27.9131 2438 2113 1878 1933 1892 497 
27.9634 2438 2113 1878 1933 1892 497 
28.0096 2438 2119 1870 1945 1892 491 
28.0599 2438 2119 1870 1945 1892 491 
28.1102 2438 2125 1852 1962 1892 488 
28.1606 2438 2125 1852 1962 1892 488 
28.2109 2438 2130 1832 1982 1892 486 
28.2612 2438 2130 1832 1982 1892 486 
28.3116 2438 2133 1811 2001 1891 483 
28.3619 2438 2133 1811 2001 1891 483 
28.4122 2438 2134 1795 2025 1892 477 
28.4625 2438 2134 1795 2025 1892 477 
28.5129 2438 2135 1787 2047 1892 474 
28.5632 2438 2135 1787 2047 1892 474 
28.6135 2438 2138 1793 2056 1892 470 
28.6597 2438 2138 1793 2056 1892 470 
28.71 2438 2140 1793 2059 1891 466 
28.7603 2438 2140 1793 2059 1891 466 
28.8107 2438 2139 1785 2053 1892 461 
28.861 2438 2139 1785 2053 1892 461 
28.9113 2438 2133 1774 2043 1892 458 
28.9617 2438 2133 1774 2043 1892 458 
29.012 2438 2122 1766 1995 1892 455 
29.0623 2438 2122 1766 1995 1892 455 
29.1127 2438 2112 1764 1917 1897 454 
29.163 2438 2112 1764 1917 1897 454 
29.2133 2438 2104 1770 1851 1898 454 
29.2595 2438 2104 1770 1851 1898 454 
29.3098 2440 2097 1780 1827 1898 454 
29.3601 2440 2097 1780 1827 1898 454 
29.4105 2443 2091 1795 1833 1898 454 
29.4608 2443 2091 1795 1833 1898 454 
29.5111 2443 2095 1797 1836 1898 454 
29.5615 2443 2095 1797 1836 1898 454 
29.6118 2444 2100 1794 1858 1893 454 
29.6621 2444 2100 1794 1858 1893 454 
29.7125 2443 2107 1790 1907 1892 454 
29.7628 2443 2107 1790 1907 1892 454 
29.8131 2444 2111 1782 1974 1890 455 
29.8634 2444 2111 1782 1974 1890 455 
29.9096 2443 2115 1754 2036 1865 460 
29.9599 2443 2115 1754 2036 1865 460 
30.0102 2443 2115 1718 2048 1814 471 
30.0606 2443 2115 1718 2048 1814 471 
30.1109 2444 2112 1682 2031 1755 477 
30.1612 2444 2112 1682 2031 1755 477 
30.2116 2443 2104 1659 1978 1719 484 
30.2619 2443 2104 1659 1978 1719 484 
30.3122 2443 2100 1644 1903 1689 489 
30.3626 2443 2100 1644 1903 1689 489 
30.4129 2443 2099 1626 1829 1681 494 
30.4632 2443 2099 1626 1829 1681 494 
30.5136 2443 2098 1615 1770 1681 502 
30.5597 2443 2098 1615 1770 1681 502 
30.61 2444 2095 1616 1723 1685 508 
30.6604 2444 2095 1616 1723 1685 508 
30.7107 2444 2092 1623 1686 1681 511 
30.761 2444 2092 1623 1686 1681 511 
30.8114 2448 2094 1630 1661 1681 511 
30.8617 2448 2094 1630 1661 1681 511 
30.912 2449 2096 1638 1650 1681 508 
30.9624 2449 2096 1638 1650 1681 508 
31.0127 2449 2095 1642 1655 1681 503 
31.063 2449 2095 1642 1655 1681 503 
31.1133 2450 2097 1642 1656 1681 493 
31.1595 2450 2097 1642 1656 1681 493 
31.2098 2450 2100 1639 1675 1681 478 
31.2601 2450 2100 1639 1675 1681 478 
31.3105 2449 2109 1643 1716 1684 468 
31.3608 2449 2109 1643 1716 1684 468 
31.4111 2450 2116 1662 1769 1686 458 
31.4615 2450 2116 1662 1769 1686 458 
31.5118 2450 2125 1697 1835 1681 452 
31.5621 2450 2125 1697 1835 1681 452 
31.6125 2450 2135 1712 1906 1681 451 
31.6628 2450 2135 1712 1906 1681 451 
31.7131 2449 2141 1706 1968 1680 451 
31.7635 2449 2141 1706 1968 1680 451 
31.8096 2449 2148 1699 2031 1681 451 
31.8599 2449 2148 1699 2031 1681 451 
31.9103 2450 2155 1699 2092 1681 451 
31.9606 2450 2155 1699 2092 1681 451 
32.0109 2450 2162 1709 2139 1685 451 
32.0613 2450 2162 1709 2139 1685 451 
32.1116 2450 2167 1732 2163 1681 451 
32.1619 2450 2167 1732 2163 1681 451 
32.2123 2450 2171 1735 2161 1681 451 
32.2626 2450 2171 1735 2161 1681 451 
32.3129 2450 2172 1719 2158 1680 451 
32.3633 2450 2172 1719 2158 1680 451 
32.4094 2447 2174 1679 2157 1680 452 
32.4597 2447 2174 1679 2157 1680 452 
32.5101 2446 2169 1624 2149 1680 456 
32.5604 2446 2169 1624 2149 1680 456 
32.6107 2446 2158 1573 2140 1681 465 
32.661 2446 2158 1573 2140 1681 465 
32.7114 2446 2139 1543 2124 1680 474 
32.7617 2446 2139 1543 2124 1680 474 
32.812 2446 2114 1537 2105 1680 483 
32.8624 2446 2114 1537 2105 1680 483 
32.9127 2446 2087 1542 2087 1680 490 
32.963 2446 2087 1542 2087 1680 490 
33.0134 2446 2060 1543 2077 1680 495 
33.0595 2446 2060 1543 2077 1680 495 
33.1098 2446 2038 1545 2052 1680 503 
33.1602 2446 2038 1545 2052 1680 503 
33.2105 2446 2023 1545 1994 1680 508 
33.2608 2446 2023 1545 1994 1680 508 
33.3112 2446 2016 1549 1905 1681 509 
33.3615 2446 2016 1549 1905 1681 509 
33.4118 2446 2017 1554 1806 1680 509 
33.4622 2446 2017 1554 1806 1680 509 
33.5125 2446 2019 1564 1729 1682 509 
33.5628 2446 2019 1564 1729 1682 509 
33.6132 2449 2021 1581 1713 1685 509 
33.6635 2449 2021 1581 1713 1685 509 
33.7096 2452 2024 1617 1713 1685 509 
33.76 2452 2024 1617 1713 1685 509 
33.8103 2452 2032 1646 1716 1680 509 
33.8606 2452 2032 1646 1716 1680 509 
33.9109 2453 2043 1658 1744 1681 509 
33.9613 2453 2043 1658 1744 1681 509 
34.0116 2453 2048 1671 1804 1685 509 
34.0619 2453 2048 1671 1804 1685 509 
34.1123 2453 2048 1682 1882 1681 509 
34.1626 2453 2048 1682 1882 1681 509 
34.2129 2453 2046 1689 1954 1680 509 
34.2633 2453 2046 1689 1954 1680 509 
34.3094 2453 2045 1685 2004 1680 509 
34.3597 2453 2045 1685 2004 1680 509 
34.4101 2452 2042 1674 1998 1680 509 
34.4604 2452 2042 1674 1998 1680 509 
34.5107 2452 2038 1645 1958 1682 509 
34.5611 2452 2038 1645 1958 1682 509 
34.6114 2453 2033 1630 1887 1685 508 
34.6617 2453 2033 1630 1887 1685 508 
34.7121 2453 2030 1622 1810 1681 506 
34.7624 2453 2030 1622 1810 1681 506 
34.8127 2453 2026 1615 1753 1680 497 
34.8631 2453 2026 1615 1753 1680 497 
34.9134 2453 2022 1606 1704 1680 486 
34.9595 2453 2022 1606 1704 1680 486 
35.0099 2453 2019 1596 1650 1680 478 
35.0602 2453 2019 1596 1650 1680 478 
35.1105 2453 2016 1587 1596 1680 475 
35.1609 2453 2016 1587 1596 1680 475 
35.2112 2453 2015 1585 1543 1680 471 
35.2615 2453 2015 1585 1543 1680 471 
35.3118 2452 2015 1585 1479 1680 466 
35.3622 2452 2015 1585 1479 1680 466 
35.4125 2453 2015 1584 1419 1680 460 
35.4628 2453 2015 1584 1419 1680 460 
35.5132 2452 2018 1578 1370 1680 453 
35.5635 2452 2018 1578 1370 1680 453 
35.6096 2453 2019 1577 1316 1680 449 
35.66 2453 2019 1577 1316 1680 449 
35.7103 2453 2017 1581 1272 1685 448 
35.7606 2453 2017 1581 1272 1685 448 
35.811 2456 2015 1592 1257 1687 448 
35.8613 2456 2015 1592 1257 1687 448 
35.9116 2463 2012 1622 1263 1694 447 
35.962 2463 2012 1622 1263 1694 447 
36.0123 2463 2016 1652 1277 1704 447 
36.0626 2463 2016 1652 1277 1704 447 
36.113 2463 2024 1668 1326 1708 442 
36.1633 2463 2024 1668 1326 1708 442 
36.2094 2463 2030 1675 1410 1718 438 
36.2598 2463 2030 1675 1410 1718 438 
36.3101 2463 2034 1678 1514 1748 432 
36.3604 2463 2034 1678 1514 1748 432 
36.4108 2463 2039 1687 1622 1775 429 
36.4611 2463 2039 1687 1622 1775 429 
36.5114 2463 2042 1709 1716 1800 431 
36.5617 2463 2042 1709 1716 1800 431 
36.6121 2464 2048 1738 1781 1821 434 
36.6624 2464 2048 1738 1781 1821 434 
36.7127 2463 2056 1775 1799 1847 440 
36.7631 2463 2056 1775 1799 1847 440 
36.8134 2464 2065 1787 1787 1903 442 
36.8595 2464 2065 1787 1787 1903 442 
36.9099 2463 2071 1781 1750 1979 446 
36.9602 2463 2071 1781 1750 1979 446 
37.0105 2463 2080 1761 1675 2060 447 
37.0609 2463 2080 1761 1675 2060 447 
37.1112 2463 2090 1738 1570 2118 449 
37.1615 2463 2090 1738 1570 2118 449 
37.2119 2463 2098 1731 1470 2147 454 
37.2622 2463 2098 1731 1470 2147 454 
37.3125 2463 2102 1738 1394 2165 461 
37.3629 2463 2102 1738 1394 2165 461 
37.4132 2467 2103 1742 1347 2202 467 
37.4635 2467 2103 1742 1347 2202 467 
37.5097 2478 2103 1744 1310 2242 471 
37.56 2478 2103 1744 1310 2242 471 
37.6103 2479 2108 1743 1248 2277 473 
37.6607 2479 2108 1743 1248 2277 473 
37.711 2479 2112 1742 1152 2283 475 
37.7613 2479 2112 1742 1152 2283 475 
37.8116 2479 2113 1739 1050 2283 478 
37.862 2479 2113 1739 1050 2283 478 
37.9123 2479 2112 1739 971 2284 484 
37.9626 2479 2112 1739 971 2284 484 
38.013 2479 2109 1743 943 2286 489 
38.0633 2479 2109 1743 943 2286 489 
38.1094 2481 2108 1744 964 2295 495 
38.1598 2481 2108 1744 964 2295 495 
38.2101 2481 2105 1739 1030 2309 503 
38.2604 2481 2105 1739 1030 2309 503 
38.3108 2481 2099 1736 1151 2316 508 
38.3611 2481 2099 1736 1151 2316 508 
38.4114 2481 2091 1728 1311 2312 512 
38.4618 2481 2091 1728 1311 2312 512 
38.5121 2481 2083 1720 1473 2308 516 
38.5624 2481 2083 1720 1473 2308 516 
38.6128 2481 2078 1716 1604 2296 516 
38.6631 2481 2078 1716 1604 2296 516 
38.7134 2481 2077 1715 1687 2282 516 
38.7596 2481 2077 1715 1687 2282 516 
38.8099 2481 2079 1709 1736 2266 511 
38.8602 2481 2079 1709 1736 2266 511 
38.9106 2481 2081 1707 1778 2230 502 
38.9609 2481 2081 1707 1778 2230 502 
39.0112 2481 2080 1706 1825 2156 493 
39.0616 2481 2080 1706 1825 2156 493 
39.1119 2481 2077 1706 1868 2045 485 
39.1622 2481 2077 1706 1868 2045 485 
39.2125 2481 2076 1706 1883 1929 484 
39.2629 2481 2076 1706 1883 1929 484 
39.3132 2481 2076 1711 1877 1818 484 
39.3635 2481 2076 1711 1877 1818 484 
39.4097 2481 2068 1718 1868 1757 484 
39.46 2481 2068 1718 1868 1757 484 
39.5103 2481 2062 1716 1832 1751 484 
39.5607 2481 2062 1716 1832 1751 484 
39.611 2481 2062 1713 1787 1756 485 
39.6613 2481 2062 1713 1787 1756 485 
39.7117 2481 2063 1708 1736 1756 488 
39.762 2481 2063 1708 1736 1756 488 
39.8123 2481 2066 1695 1680 1757 494 
39.8627 2481 2066 1695 1680 1757 494 
39.913 2481 2067 1688 1658 1756 504 
39.9633 2481 2067 1688 1658 1756 504 
40.0095 2481 2067 1689 1662 1756 513 
40.0598 2481 2067 1689 1662 1756 513 
40.1101 2481 2069 1693 1662 1756 519 
40.1605 2481 2069 1693 1662 1756 519 
40.2108 2481 2070 1693 1675 1756 524 
40.2611 2481 2070 1693 1675 1756 524 
40.3115 2481 2072 1690 1727 1752 530 
40.3618 2481 2072 1690 1727 1752 530 
40.4121 2481 2073 1692 1804 1751 535 
40.4625 2481 2073 1692 1804 1751 535 
40.5128 2481 2072 1687 1870 1750 540 
40.5631 2481 2072 1687 1870 1750 540 
40.6134 2481 2073 1667 1903 1742 543 
40.6596 2481 2073 1667 1903 1742 543 
40.7099 2481 2071 1640 1900 1741 544 
40.7602 2481 2071 1640 1900 1741 544 
40.8106 2481 2064 1638 1895 1745 544 
40.8609 2481 2064 1638 1895 1745 544 
40.9112 2481 2062 1639 1864 1746 542 
40.9616 2481 2062 1639 1864 1746 542 
41.0119 2481 2066 1635 1803 1745 535 
41.0622 2481 2066 1635 1803 1745 535 
41.1126 2481 2068 1633 1746 1743 525 
41.1629 2481 2068 1633 1746 1743 525 
41.2132 2481 2068 1633 1726 1741 517 
41.2636 2481 2068 1633 1726 1741 517 
41.3097 2482 2069 1644 1731 1742 511 
41.36 2482 2069 1644 1731 1742 511 
41.4104 2485 2074 1676 1743 1746 506 
41.4607 2485 2074 1676 1743 1746 506 
41.511 2485 2081 1722 1778 1747 500 
41.5614 2485 2081 1722 1778 1747 500 
41.6117 2485 2083 1779 1830 1760 494 
41.662 2485 2083 1779 1830 1760 494 
41.7124 2485 2083 1839 1889 1783 490 
41.7627 2485 2083 1839 1889 1783 490 
41.813 2485 2083 1892 1937 1831 484 
41.8633 2485 2083 1892 1937 1831 484 
41.9095 2485 2081 1930 1962 1892 478 
41.9598 2485 2081 1930 1962 1892 478 
42.0101 2485 2080 1956 1964 1953 474 
42.0605 2485 2080 1956 1964 1953 474 
42.1108 2492 2080 1965 1965 1984 471 
42.1611 2492 2080 1965 1965 1984 471 
42.2115 2514 2080 1960 1965 1984 469 
42.2618 2514 2080 1960 1965 1984 469 
42.3121 2531 2081 1956 1965 1985 465 
42.3625 2531 2081 1956 1965 1985 465 
42.4128 2533 2082 1960 1964 1985 464 
42.4631 2533 2082 1960 1964 1985 464 
42.5135 2541 2081 1963 1963 1985 462 
42.5596 2541 2081 1963 1963 1985 462 
42.6099 2564 2078 1963 1961 1985 462 
42.6603 2564 2078 1963 1961 1985 462 
42.7106 2584 2078 1964 1964 1985 462 
42.7609 2584 2078 1964 1964 1985 462 
42.8113 2609 2079 1963 1965 1985 464 
42.8616 2609 2079 1963 1965 1985 464 
42.9119 2633 2080 1963 1964 1985 465 
42.9623 2633 2080 1963 1964 1985 465 
43.0126 2655 2080 1964 1963 1985 471 
43.0629 2655 2080 1964 1963 1985 471 
43.1133 2685 2079 1965 1963 1985 478 
43.1594 2685 2079 1965 1963 1985 478 
43.2097 2714 2079 1966 1965 1985 490 
43.2601 2714 2079 1966 1965 1985 490 
43.3104 2743 2080 1967 1965 1985 507 
43.3607 2743 2080 1967 1965 1985 507 
43.411 2772 2080 1968 1965 1985 523 
43.4614 2772 2080 1968 1965 1985 523 
43.5117 2795 2079 1970 1965 1985 544 
43.562 2795 2079 1970 1965 1985 544 
43.6124 2815 2078 1973 1962 1985 564 
43.6627 2815 2078 1973 1962 1985 564 
43.713 2834 2078 1979 1961 1985 577 
43.7634 2834 2078 1979 1961 1985 577 
43.8095 2851 2078 1985 1963 1986 584 
43.8598 2851 2078 1985 1963 1986 584 
43.9102 2869 2077 1988 1964 1992 589 
43.9605 2869 2077 1988 1964 1992 589 
44.0108 2885 2077 1987 1965 2008 589 
44.0612 2885 2077 1987 1965 2008 589 
44.1115 2894 2076 1986 1965 2042 589 
44.1618 2894 2076 1986 1965 2042 589 
44.2122 2894 2077 1984 1965 2062 589 
44.2625 2894 2077 1984 1965 2062 589 
44.3128 2894 2077 1980 1968 2064 589 
44.3632 2894 2077 1980 1968 2064 589 
44.4135 2894 2077 1979 1982 2064 589 
44.4596 2894 2077 1979 1982 2064 589 
44.51 2894 2076 1979 2016 2064 589 
44.5603 2894 2076 1979 2016 2064 589 
